0.000000000000000000e+00 3.699999999999999289e+00 3.700000000000001510e+00 3.699999999999976197e+00 3.699999999999980194e+00 3.700000000000008171e+00
1.800000000000000000e+02 3.699999999999999289e+00 3.700000000000001954e+00 3.699999999999961098e+00 3.699999999999962874e+00 3.700000000000014388e+00
3.600000000000000000e+02 3.699999999999999289e+00 3.700000000000003286e+00 3.699999999999950884e+00 3.699999999999945999e+00 3.700000000000021494e+00
5.400000000000000000e+02 3.705180494982758255e+00 3.700000013770298857e+00 3.699999999999942446e+00 3.699999999999927347e+00 3.700000000000027267e+00
7.200000000000000000e+02 3.789374764399313644e+00 3.700000488153196709e+00 3.699999999999937117e+00 3.699999999999906475e+00 3.700000000000027267e+00
9.000000000000000000e+02 4.273838057473790641e+00 3.700007922808243421e+00 3.699999999999932676e+00 3.699999999999884714e+00 3.700000000000027267e+00
1.080000000000000000e+03 5.531095958612746166e+00 3.700078881083509685e+00 3.699999999999930900e+00 3.699999999999860734e+00 3.700000000000025935e+00
1.260000000000000000e+03 7.215452853045981385e+00 3.700544627983227031e+00 3.699999999999953992e+00 3.699999999999834088e+00 3.700000000000023270e+00
1.440000000000000000e+03 8.653671268197758337e+00 3.702795789948884586e+00 3.700000000000251976e+00 3.699999999999806555e+00 3.700000000000019718e+00
1.620000000000000000e+03 9.645484161753042684e+00 3.711178271644831828e+00 3.700000000003255352e+00 3.699999999999777245e+00 3.700000000000014388e+00
1.800000000000000000e+03 1.027920668965091267e+01 3.736038584862709122e+00 3.700000000028422775e+00 3.699999999999748823e+00 3.700000000000008615e+00
1.980000000000000000e+03 1.067617141815587978e+01 3.796360999558111349e+00 3.700000000207915640e+00 3.699999999999717737e+00 3.700000000000002842e+00
2.160000000000000000e+03 1.092556261078543578e+01 3.918941685319278001e+00 3.700000001315899123e+00 3.699999999999688427e+00 3.699999999999995293e+00
2.340000000000000000e+03 1.108417559787407036e+01 4.132057031932563795e+00 3.700000007313713368e+00 3.699999999999657341e+00 3.699999999999986855e+00
2.520000000000000000e+03 1.118664810935164056e+01 4.455506217908219213e+00 3.700000036093241462e+00 3.699999999999629807e+00 3.699999999999976641e+00
2.700000000000000000e+03 1.125393844555710032e+01 4.892320599619463195e+00 3.700000159609277528e+00 3.699999999999612044e+00 3.699999999999965539e+00
2.880000000000000000e+03 1.129881885497569272e+01 5.426715011084723983e+00 3.700000637439559092e+00 3.699999999999644018e+00 3.699999999999954436e+00
3.060000000000000000e+03 1.132918176530903054e+01 6.028722851305237995e+00 3.700002314973466433e+00 3.699999999999938005e+00 3.699999999999943334e+00
3.240000000000000000e+03 1.134998598153217486e+01 6.662315084174542434e+00 3.700007691772035034e+00 3.700000000001477218e+00 3.699999999999931788e+00
3.420000000000000000e+03 1.136440135901931470e+01 7.293122169591154780e+00 3.700023510817832317e+00 3.700000000008477397e+00 3.699999999999918909e+00
3.600000000000000000e+03 1.137448838901745418e+01 7.893464769146504523e+00 3.700066443233134272e+00 3.700000000037707792e+00 3.699999999999907807e+00
3.780000000000000000e+03 1.138160752421332234e+01 8.444332984465308556e+00 3.700174417272349636e+00 3.700000000151196566e+00 3.699999999999894928e+00
3.960000000000000000e+03 1.138666988143668135e+01 8.935092047727867026e+00 3.700427131722969332e+00 3.700000000563115066e+00 3.699999999999881606e+00
4.140000000000000000e+03 1.139029349236706601e+01 9.361962897285405205e+00 3.700979789627982797e+00 3.700000001965774832e+00 3.699999999999869615e+00
4.320000000000000000e+03 1.139290237394046201e+01 9.726116893900140781e+00 3.702113354782186505e+00 3.700000006460473223e+00 3.699999999999856293e+00
4.500000000000000000e+03 1.139479037835610953e+01 1.003188984027996611e+01 3.704301980381709214e+00 3.700000020051550820e+00 3.699999999999842970e+00
4.680000000000000000e+03 1.139616297351457774e+01 1.028534127401275988e+01 3.708293471588755441e+00 3.700000058931260494e+00 3.699999999999830980e+00
4.860000000000000000e+03 1.139716496477968910e+01 1.049320760292826549e+01 3.715192389845378251e+00 3.700000164405454761e+00 3.699999999999826539e+00
5.040000000000000000e+03 1.139789912169399244e+01 1.066220742555803902e+01 3.726529343442980036e+00 3.700000436362673728e+00 3.699999999999848743e+00
5.220000000000000000e+03 1.139843883621277243e+01 1.079862419897373371e+01 3.744296392632445070e+00 3.700001104260572493e+00 3.699999999999957989e+00
5.400000000000000000e+03 1.139883681279237848e+01 1.090808919551428779e+01 3.770929360911924988e+00 3.700002669756494278e+00 3.700000000000345679e+00
5.580000000000000000e+03 1.139913108884265469e+01 1.099549908093014849e+01 3.809224076398591841e+00 3.700006178585015348e+00 3.700000000001562039e+00
5.760000000000000000e+03 1.139934923982460546e+01 1.106501767373507406e+01 3.862184354683976473e+00 3.700013712831026425e+00 3.700000000005171152e+00
5.940000000000000000e+03 1.139951133794422589e+01 1.112012581009789791e+01 3.932812470062681420e+00 3.700029238519031871e+00 3.700000000015405188e+00
6.120000000000000000e+03 1.139963204761084725e+01 1.116369496949026896e+01 4.023864705970071398e+00 3.700059994613544401e+00 3.700000000043292214e+00
6.300000000000000000e+03 1.139972211833470261e+01 1.119806912596150994e+01 4.137602335890393945e+00 3.700118660967913087e+00 3.700000000116473231e+00
6.480000000000000000e+03 1.139978945403839461e+01 1.122514552842268465e+01 4.275570258091769382e+00 3.700226582329412039e+00 3.700000000301771230e+00
6.660000000000000000e+03 1.139983988268863158e+01 1.124644932524361707e+01 4.438431323664259409e+00 3.700418336643711115e+00 3.700000000755082841e+00
6.840000000000000000e+03 1.139987771267906425e+01 1.126319966755135304e+01 4.625875490669773882e+00 3.700747899955945108e+00 3.700000001827785212e+00
7.020000000000000000e+03 1.139990613666794417e+01 1.127636659709754952e+01 4.836611568253415427e+00 3.701296560568370086e+00 3.700000004285965538e+00
7.200000000000000000e+03 1.139992752577113677e+01 1.128671898939635909e+01 5.068437938181178382e+00 3.702182562483124606e+00 3.700000009746926555e+00
7.380000000000000000e+03 1.139994364460125809e+01 1.129486432817261132e+01 5.318379279213651500e+00 3.703572215695213998e+00 3.700000021519999294e+00
7.560000000000000000e+03 1.139995580893616633e+01 1.130128130508402862e+01 5.582870196260398821e+00 3.705691917665254742e+00 3.700000046174996449e+00
7.740000000000000000e+03 1.139996500165258553e+01 1.130634628510417272e+01 5.857964125214307316e+00 3.708840221475725230e+00 3.700000096377747294e+00
7.920000000000000000e+03 1.139997195819712061e+01 1.131035462861260399e+01 6.139546580109760399e+00 3.713398809287385749e+00 3.700000195862439334e+00
8.100000000000000000e+03 1.139997722975309458e+01 1.131353776408729495e+01 6.423534913143587488e+00 3.719841037125578787e+00 3.700000387895693077e+00
8.280000000000000000e+03 1.139998123002981600e+01 1.131607678958928531e+01 6.706051278696105733e+00 3.728736656067923150e+00 3.700000749272773781e+00
8.460000000000000000e+03 1.139998426999418513e+01 1.131811326397876272e+01 6.983560491042966945e+00 3.740751417836035930e+00 3.700001412816096291e+00
8.640000000000000000e+03 1.139998658370301143e+01 1.131975773918059858e+01 7.252969197113361410e+00 3.756640548998670504e+00 3.700002602554837594e+00
8.820000000000000000e+03 1.139998834755209600e+01 1.132109648715139727e+01 7.511686757659461477e+00 3.777235510321474976e+00 3.700004687265628256e+00
9.000000000000000000e+03 1.139998969464487288e+01 1.132219679091243236e+01 7.757651196140683325e+00 3.803424003990908187e+00 3.700008259827618495e+00
9.180000000000000000e+03 1.139999072553566606e+01 1.132311109788707348e+01 7.989325489813645653e+00 3.836123790352826468e+00 3.700014251821587052e+00
9.360000000000000000e+03 1.139999151627486462e+01 1.132388027474585002e+01 8.205670438277373080e+00 3.876251457059897376e+00 3.700024094853466838e+00
9.540000000000000000e+03 1.139999212444243781e+01 1.132453615457438900e+01 8.406100528136757788e+00 3.924687778522438997e+00 3.700039942011663197e+00
9.720000000000000000e+03 1.139999259367923656e+01 1.132510352790530916e+01 8.590428826301435450e+00 3.982241655710344830e+00 3.700064964412727697e+00
9.900000000000000000e+03 1.139999295709452731e+01 1.132560169752412982e+01 8.758806181240760935e+00 4.049614798664483928e+00 3.700103738635715622e+00
1.008000000000000000e+04 1.139999323983183110e+01 1.132604569164269570e+01 8.911659066498685888e+00 4.127369293043329890e+00 3.700162740646133042e+00
1.026000000000000000e+04 1.139999346100322697e+01 1.132644720987347853e+01 9.049629401536931184e+00 4.215899987603746624e+00 3.700250960225328178e+00
1.044000000000000000e+04 1.139999363514932895e+01 1.132681536045078374e+01 9.173518729636322533e+00 4.315413281619692398e+00 3.700380646661139750e+00
1.062000000000000000e+04 1.139999377334245523e+01 1.132715723451022960e+01 9.284238283293504423e+00 4.425913423923370615e+00 3.700568191328763135e+00
1.080000000000000000e+04 1.139999388402108771e+01 1.132747835328140162e+01 9.382765756802930568e+00 4.547196909695005118e+00 3.700835145752177091e+00
1.098000000000000000e+04 1.139999397362169553e+01 1.132778301622094475e+01 9.470109043590408504e+00 4.678855028773124758e+00 3.701209364922256384e+00
1.116000000000000000e+04 1.139999404705769948e+01 1.132807457197221268e+01 9.547276776933045994e+00 4.820284125994032109e+00 3.701726255398358312e+00
1.134000000000000000e+04 1.139481361310004104e+01 1.132835561545662983e+01 9.615255221947769826e+00 4.970702716073367000e+00 3.702430096578767760e+00
1.152000000000000000e+04 1.131061939516759907e+01 1.132862773264852407e+01 9.674990884233046984e+00 5.129174277025294160e+00 3.703375392212339801e+00
1.170000000000000000e+04 1.082615614623211364e+01 1.132888600849442717e+01 9.727378104876642340e+00 5.294634338856848643e+00 3.704628198589746901e+00
1.188000000000000000e+04 9.568898283568398000e+00 1.132907511537309020e+01 9.773250882047584298e+00 5.465920388640997274e+00 3.706267366808866370e+00
1.206000000000000000e+04 7.884541423234997737e+00 1.132886475241507185e+01 9.813378177570395877e+00 5.641803120048205500e+00 3.708385629945450290e+00
1.224000000000000000e+04 6.446323038795558347e+00 1.132686504585965537e+01 9.848462017061454077e+00 5.821017649208238609e+00 3.711090462661758238e+00
1.242000000000000000e+04 5.454510173323164679e+00 1.131873067906645147e+01 9.879137761731294987e+00 6.002293479534944076e+00 3.714504641349047454e+00
1.260000000000000000e+04 4.820787671460846191e+00 1.129411560003025805e+01 9.905976009052054110e+00 6.184382204511628345e+00 3.718766437669959402e+00
1.278000000000000000e+04 4.423822967391380701e+00 1.123403589869037056e+01 9.929485660932588331e+00 6.366082168629579208e+00 3.724029387392479684e+00
1.296000000000000000e+04 4.174431797941235089e+00 1.111169568752702830e+01 9.950117776658554902e+00 6.546259544091973304e+00 3.730461589425003499e+00
1.314000000000000000e+04 4.015818833040602165e+00 1.089881879817441757e+01 9.968269899695023639e+00 6.723865509118592598e+00 3.738244506408991086e+00
1.332000000000000000e+04 3.913346342963448077e+00 1.057560622627101310e+01 9.984290608236644715e+00 6.897949420975672652e+00 3.747571257278134560e+00
1.350000000000000000e+04 3.846056027527890997e+00 1.013902675273768850e+01 9.998484081255924139e+00 7.067668055223753854e+00 3.758644412829155623e+00
1.368000000000000000e+04 3.801175638369845622e+00 9.604865652109658924e+00 1.001111447721001113e+01 7.232291127632205274e+00 3.771673326427692263e+00
1.386000000000000000e+04 3.770812747881210569e+00 9.003089611520397995e+00 1.002240985542887586e+01 7.391203425280320261e+00 3.786871052316819863e+00
1.404000000000000000e+04 3.750008551159186077e+00 8.369727735717994221e+00 1.003256516834456136e+01 7.543903949507154039e+00 3.804450922481621866e+00
1.422000000000000000e+04 3.735593192885467761e+00 7.739149619791614754e+00 1.004174343332226549e+01 7.690002518340975257e+00 3.824622868654836694e+00
1.440000000000000000e+04 3.725506181856319987e+00 7.139034646476243751e+00 1.005007348897719055e+01 7.829214293785506484e+00 3.847589588024114438e+00
1.458000000000000000e+04 3.718387065418560233e+00 6.588392750145724008e+00 1.005764178171989087e+01 7.961352694473276870e+00 3.873542658955493323e+00
1.476000000000000000e+04 3.713324726768468587e+00 6.097858728110263193e+00 1.006447464797795277e+01 8.086321131532784534e+00 3.902658716278925688e+00
1.494000000000000000e+04 3.709701134246772281e+00 5.671211666420527209e+00 1.007050706950843733e+01 8.204103969720279110e+00 3.935095794353697940e+00
1.512000000000000000e+04 3.707092270933265876e+00 5.307280224735057672e+00 1.007553461780551984e+01 8.314757071179247561e+00 3.970989940460056822e+00
1.530000000000000000e+04 3.705204284641046897e+00 5.001728617649876973e+00 1.007914795977160338e+01 8.418398229216540685e+00 4.010452191483272699e+00
1.548000000000000000e+04 3.703831707479212199e+00 4.748497322438781865e+00 1.008065408597509638e+01 8.515197747033216302e+00 4.053565993980026150e+00
1.566000000000000000e+04 3.702829734091530600e+00 4.540849944218162904e+00 1.007899467713047770e+01 8.605369363296919261e+00 4.100385132283164147e+00
1.584000000000000000e+04 3.702095594941459566e+00 4.372067895898370082e+00 1.007267808731854686e+01 8.689161673627850746e+00 4.150932212121543508e+00
1.602000000000000000e+04 3.701555898078482620e+00 4.235867730666721620e+00 1.005974503767005146e+01 8.766850144251591814e+00 4.205197729140699892e+00
1.620000000000000000e+04 3.701157939050038870e+00 4.126618185511325976e+00 1.003778724949767209e+01 8.838729760038964045e+00 4.263139733515015628e+00
1.638000000000000000e+04 3.700863680449362647e+00 4.039422603273044032e+00 1.000403201198934156e+01 8.905108292102882572e+00 4.324684084284446506e+00
1.656000000000000000e+04 3.700645546817928899e+00 3.970117173447043513e+00 9.955494890380002460e+00 8.966300108413914671e+00 4.389725270772857790e+00
1.674000000000000000e+04 3.700483465951768913e+00 3.915221067410928235e+00 9.889189843309321049e+00 9.022620384225945145e+00 4.458127763975310742e+00
1.692000000000000000e+04 3.700362773443248710e+00 3.871862812870819681e+00 9.802374172451280288e+00 9.074379499962786255e+00 4.529727848531146961e+00
1.710000000000000000e+04 3.700272719783555431e+00 3.837698442659853715e+00 9.692797965482309763e+00 9.121877349286776848e+00 4.604335876086424584e+00
1.728000000000000000e+04 3.700205401051291254e+00 3.810830714511562967e+00 9.558925819874938057e+00 9.165397230966595643e+00 4.681738873619677221e+00
1.746000000000000000e+04 3.700154989280791451e+00 3.789734486507823519e+00 9.400102817520938459e+00 9.205198980893245064e+00 4.761703435665033624e+00
1.764000000000000000e+04 3.700117176079320114e+00 3.773190613815625927e+00 9.216645625619968030e+00 9.241511033253624774e+00 4.843978827215731364e+00
1.782000000000000000e+04 3.700088768789434823e+00 3.760229060847255056e+00 9.009850967120769383e+00 9.274521198542478473e+00 4.928300224240111937e+00
1.800000000000000000e+04 3.700067396296013555e+00 3.750080958144094812e+00 8.781925079401128542e+00 9.304366119592362594e+00 5.014392020931479621e+00
1.818000000000000000e+04 3.700051293987111301e+00 3.742138827945403978e+00 8.535847141059029752e+00 9.331119611527089575e+00 5.101971136732605494e+00
1.836000000000000000e+04 3.700039146085507991e+00 3.735923984479411875e+00 8.275185769390084545e+00 9.354780388055928597e+00 5.190750261480524763e+00
1.854000000000000000e+04 3.700029969715057820e+00 3.731060068590905665e+00 8.003890221507742098e+00 9.375259989314873366e+00 5.280440983346055717e+00
1.872000000000000000e+04 3.700023029429708732e+00 3.727251725659240122e+00 7.726077235742437210e+00 9.392372007727772143e+00 5.370756751230478798e+00
1.890000000000000000e+04 3.700017774046681307e+00 3.724267532912492129e+00 7.445831345563518333e+00 9.405823905521202732e+00 5.461415630574974145e+00
1.908000000000000000e+04 3.700013789857177215e+00 3.721926397947863396e+00 7.167031977242489305e+00 9.415212783080368908e+00 5.552142818804531643e+00
1.926000000000000000e+04 3.700010765894800269e+00 3.720086767519688919e+00 6.893215643556445116e+00 9.420026358884776130e+00 5.642672893570689574e+00
1.944000000000000000e+04 3.700008468103222814e+00 3.718638095277066569e+00 6.627476813853627746e+00 9.419650149829529084e+00 5.732751773326917544e+00
1.962000000000000000e+04 3.700006720087118950e+00 3.717494114799405835e+00 6.372407068527618179e+00 9.413381412403822424e+00 5.822138375378275832e+00
1.980000000000000000e+04 3.700005388743526691e+00 3.716587548565486898e+00 6.130069179782354993e+00 9.400449862677231039e+00 5.910605961278514897e+00
1.998000000000000000e+04 3.700004373518575029e+00 3.715865954617659561e+00 5.902000845191698986e+00 9.380044597457754207e+00 5.997943163276037382e+00
2.016000000000000000e+04 3.700003598362338497e+00 3.715288471718108720e+00 5.689241839637223741e+00 9.351346060705040486e+00 6.083954688502223540e+00
2.034000000000000000e+04 3.700003005695284841e+00 3.714823272181958291e+00 5.492378167658181098e+00 9.313561406907137297e+00 6.168461699919479457e+00
2.052000000000000000e+04 3.700002551877020096e+00 3.714445570846232059e+00 5.311597184278924466e+00 9.265961263265076298e+00 6.251301874961951555e+00
2.070000000000000000e+04 3.700002203798705480e+00 3.714136070264676626e+00 5.146748405479337762e+00 9.207915722193952490e+00 6.332329144647265373e+00
2.088000000000000000e+04 3.700001936317267592e+00 3.713879747534904574e+00 4.997405674409826304e+00 9.138927418362957411e+00 6.411413118098717945e+00
2.106000000000000000e+04 3.700001730321054616e+00 3.713664908324592950e+00 4.862927348620416979e+00 9.058659750340236627e+00 6.488438200289343705e+00
2.124000000000000000e+04 3.700001571269877942e+00 3.713482449650701955e+00 4.742512128855159048e+00 8.966958665979941401e+00 6.563302414756305048e+00
2.142000000000000000e+04 3.700001448091848832e+00 3.713325285600331593e+00 4.635248999208775977e+00 8.863866898972245778e+00 6.635915948298928946e+00
2.160000000000000000e+04 3.700001352348920136e+00 3.713187900138421149e+00 4.540160459150033745e+00 8.749630070313088481e+00 6.706199441386228699e+00
2.178000000000000000e+04 3.700001277605031280e+00 3.713065998974890647e+00 4.456238790007236439e+00 8.624694601419916395e+00 6.774082056097584292e+00
2.196000000000000000e+04 3.700001218947185588e+00 3.712956238605273462e+00 4.382475517415240773e+00 8.489697879359557220e+00 6.839499362636749069e+00
2.214000000000000000e+04 3.700001172622095602e+00 3.712856015449260472e+00 4.317884521953190280e+00 8.345451533007611999e+00 6.902391095320209224e+00
2.232000000000000000e+04 3.700001135760258908e+00 3.712763301774383073e+00 4.261519432680851871e+00 8.192918997734913944e+00 6.962698838789773248e+00
2.250000000000000000e+04 3.700001106166221909e+00 3.712676518031636341e+00 4.212486033937287822e+00 8.033188753649923797e+00 7.020363714244566289e+00
2.268000000000000000e+04 3.700001082159026566e+00 3.712594433524404991e+00 4.169950445247472715e+00 7.867444718168000506e+00 7.075324142869393818e+00
2.286000000000000000e+04 3.700001062450733791e+00 3.712516089121385754e+00 4.133143815991232373e+00 7.696935266754691085e+00 7.127513768510130632e+00
2.304000000000000000e+04 3.700001046053843723e+00 3.712440737118757106e+00 4.101364226298436222e+00 7.522942261907431316e+00 7.176859623266308219e+00
2.322000000000000000e+04 3.700001032210701091e+00 3.712367794443112601e+00 4.073976416101032783e+00 7.346751309653329010e+00 7.223280617471255383e+00
2.340000000000000000e+04 3.700001020339601876e+00 3.712296806232324720e+00 4.050409885161823098e+00 7.169624256424489417e+00 7.266686429191826058e+00
2.358000000000000000e+04 3.700001009993651557e+00 3.712227417489739167e+00 4.030155825394078128e+00 6.992774707906056264e+00 7.306976857874047937e+00
2.376000000000000000e+04 3.700001000829288955e+00 3.712159351019178821e+00 4.012763267882798246e+00 6.817347113947600512e+00 7.344041692365880891e+00
2.394000000000000000e+04 3.700000992582231696e+00 3.712092390246606755e+00 3.997834753944670361e+00 6.644399735311241173e+00 7.377761125837000833e+00
2.412000000000000000e+04 3.700000985049046953e+00 3.712026365844145026e+00 3.985021774173587161e+00 6.474891600641145217e+00 7.408006729917493871e+00
2.430000000000000000e+04 3.700000978073047619e+00 3.711961145313041222e+00 3.974020162542013956e+00 6.309673383568560112e+00 7.434642978716745176e+00
2.448000000000000000e+04 3.700000971533468075e+00 3.711896624869626571e+00 3.964565584368980655e+00 6.149481984808375934e+00 7.457529291402066995e+00
2.466000000000000000e+04 3.700000965337178371e+00 3.711832723123926314e+00 3.956429216938674998e+00 5.994938493931338819e+00 7.476522540886746171e+00
2.484000000000000000e+04 3.700000959412301782e+00 3.711769376153934985e+00 3.949413689074134481e+00 5.846549129255999233e+00 7.491479957019032909e+00
2.502000000000000000e+04 3.700000953703337814e+00 3.711706533666654373e+00 3.943349320192176322e+00 5.704708709241255171e+00 7.502262336466580805e+00
2.520000000000000000e+04 3.700000948167395887e+00 3.711644156005507789e+00 3.938090679381778703e+00 5.569706190921651867e+00 7.508737459049758201e+00
2.538000000000000000e+04 3.700000942771308310e+00 3.711582211817052723e+00 3.933513469961035014e+00 5.441731815699362151e+00 7.510783602149427196e+00
2.556000000000000000e+04 3.700000937489407171e+00 3.711520676231365279e+00 3.929511733933773954e+00 5.320885425358092391e+00 7.508293041293520709e+00
2.574000000000000000e+04 3.700000932301806600e+00 3.711459529442686645e+00 3.925995363020986062e+00 5.207185546793002828e+00 7.501175426139583990e+00
2.592000000000000000e+04 3.700000927193094480e+00 3.711398755602072441e+00 3.922887897812497915e+00 5.100578888330680627e+00 7.489360926593558787e+00
2.610000000000000000e+04 3.700000922151303939e+00 3.711338341953251074e+00 3.920124593492954279e+00 5.000949939852887383e+00 7.472803053295287157e+00
2.628000000000000000e+04 3.700000917167139747e+00 3.711278278158142818e+00 3.917650729058533177e+00 4.908130420062625454e+00 7.451481069537946311e+00
2.646000000000000000e+04 3.700000912233369910e+00 3.711218555770281924e+00 3.915420136556117647e+00 4.821908364608372466e+00 7.425401927126555890e+00
2.664000000000000000e+04 3.700000907344354939e+00 3.711159167823633531e+00 3.913393927321457522e+00 4.742036696497180515e+00 7.394601675899640014e+00
2.682000000000000000e+04 3.700000902495697463e+00 3.711100108511433682e+00 3.911539393208911974e+00 4.668241163932295379e+00 7.359146314799415833e+00
2.700000000000000000e+04 3.700000897683949574e+00 3.711041372935287797e+00 3.909829062191718663e+00 4.600227569552311380e+00 7.319132070664520207e+00
2.718000000000000000e+04 3.700000892906410321e+00 3.710982956909127495e+00 3.908239889313867899e+00 4.537688248588313655e+00 7.274685108590089655e+00
2.736000000000000000e+04 3.700000888160950741e+00 3.710924856805969174e+00 3.906752565677546585e+00 4.480307781586332361e+00 7.225960694102681714e+00
2.754000000000000000e+04 3.700000883445889066e+00 3.710867069438131161e+00 3.905350929869068288e+00 4.427767950212570192e+00 7.173141842004538304e+00
2.772000000000000000e+04 3.700000878759889922e+00 3.710809591963567300e+00 3.904021467902288656e+00 4.379751962599762294e+00 7.116437499155090052e+00
2.790000000000000000e+04 3.700000874101883053e+00 3.710752421812599344e+00 3.902752889351540855e+00 4.335947988157701438e+00 7.056080318416761088e+00
2.808000000000000000e+04 3.700000869471012699e+00 3.710695556630611236e+00 3.901535768830989959e+00 4.296052051283870910e+00 6.992324088366451917e+00
2.826000000000000000e+04 3.700000864866580752e+00 3.710638994233195653e+00 3.900362243340388613e+00 4.259770339525089433e+00 6.925440888153991281e+00
2.844000000000000000e+04 3.700000860288016558e+00 3.710582732571048759e+00 3.899225757232607670e+00 4.226820985010332876e+00 6.855718039169452105e+00
2.862000000000000000e+04 3.700000855734850269e+00 3.710526769702497507e+00 3.898120847666539657e+00 4.196935378926207605e+00 6.783454925145486314e+00
2.880000000000000000e+04 3.700000851206685759e+00 3.710471103771953771e+00 3.897042964394167086e+00 4.169859077926497903e+00 6.708959750217779572e+00
2.898000000000000000e+04 3.700000846703188628e+00 3.710415732993078919e+00 3.895988318600042799e+00 4.145352359093284811e+00 6.632546300593005206e+00
2.916000000000000000e+04 3.700000842224069331e+00 3.710360655635545513e+00 3.894953756273320522e+00 4.123190476780885128e+00 6.554530770154035402e+00
2.934000000000000000e+04 3.700000837769075179e+00 3.710305870014692253e+00 3.893936652256676290e+00 4.103163670701425403e+00 6.475228703900974381e+00
2.952000000000000000e+04 3.700000833337982797e+00 3.710251374483388265e+00 3.892934821692233704e+00 4.085076970223763482e+00 6.394952105914778251e+00
2.970000000000000000e+04 3.700000828930588348e+00 3.710197167425667963e+00 3.891946446081592903e+00 4.068749835276063820e+00 6.314006750850536420e+00
2.988000000000000000e+04 3.700000824546711975e+00 3.710143247251715515e+00 3.890970011604318657e+00 4.054015669640907760e+00 6.232689730106874215e+00
3.006000000000000000e+04 3.700000820186180039e+00 3.710089612393934644e+00 3.890004257705167667e+00 4.040721237943831312e+00 6.151287256028998840e+00
3.024000000000000000e+04 3.700000815848834890e+00 3.710036261303859551e+00 3.889048134272756307e+00 4.028726013359246849e+00 6.070072740001050349e+00
3.042000000000000000e+04 3.700000811534525980e+00 3.709983192449712419e+00 3.888100765998180997e+00 4.017901479059929670e+00 5.989305153243593693e+00
3.060000000000000000e+04 3.700000807243110756e+00 3.709930404314493835e+00 3.887161422727911209e+00 4.008130402761045374e+00 5.909227672689502775e+00
3.078000000000000000e+04 3.700000802974448000e+00 3.709877895394467551e+00 3.886229494816295649e+00 3.999306100380004558e+00 5.830066608563194919e+00
3.096000000000000000e+04 3.700000798728407148e+00 3.709825664197962780e+00 3.885304472644576457e+00 3.991331701857165459e+00 5.752030605295189503e+00
3.114000000000000000e+04 3.700000794504856749e+00 3.709773709244425621e+00 3.884385929609367238e+00 3.984119429554780822e+00 5.675310103195801759e+00
3.132000000000000000e+04 3.700000790303669795e+00 3.709722029063672988e+00 3.883473507998203011e+00 3.977589897359550264e+00 5.600077044890197087e+00
3.150000000000000000e+04 3.700000786124722385e+00 3.709670622195285095e+00 3.882566907265947886e+00 3.971671436637941976e+00 5.526484807860387427e+00
3.168000000000000000e+04 3.700000781967891061e+00 3.709619487188136056e+00 3.881665874306655883e+00 3.966299453509471107e+00 5.454668342508114165e+00
3.186000000000000000e+04 3.700000777833056809e+00 3.709568622599999976e+00 3.880770195383060006e+00 3.961415820485670203e+00 5.384744493891782113e+00
3.204000000000000000e+04 3.700000773720096170e+00 3.709518026997247642e+00 3.879879689432468304e+00 3.956968304344369969e+00 5.316812484635825342e+00
3.222000000000000000e+04 3.700000769628893238e+00 3.709467698954590276e+00 3.878994202515102074e+00 3.952910031143536784e+00 5.250954536391947869e+00
3.240000000000000000e+04 3.700000765559334326e+00 3.709417637054871708e+00 3.878113603210332272e+00 3.949198988500336238e+00 5.187236607573934677e+00
3.258000000000000000e+04 3.700000761511299086e+00 3.709367839888908058e+00 3.877237778799254464e+00 3.945797564644570876e+00 5.125709225817214332e+00
3.276000000000000000e+04 3.700000757484673386e+00 3.709318306055328307e+00 3.876366632099314202e+00 3.942672123278541552e+00 5.066408394658253656e+00
3.294000000000000000e+04 3.700000753479345317e+00 3.709269034160467715e+00 3.875500078839607010e+00 3.939792612916710901e+00 5.009356555218266394e+00
3.312000000000000000e+04 3.700000749495198971e+00 3.709220022818264351e+00 3.874638045484400717e+00 3.937132209119448945e+00 4.954563585146587457e+00
3.330000000000000000e+04 3.700000745532123325e+00 3.709171270650153840e+00 3.873780467428183272e+00 3.934666987858947085e+00 4.902027818673162507e+00
3.348000000000000000e+04 3.700000741590005582e+00 3.709122776285016077e+00 3.872927287498670879e+00 3.932375628146974833e+00 4.851737073285335100e+00
3.366000000000000000e+04 3.700000737668734274e+00 3.709074538359087292e+00 3.872078454715046636e+00 3.930239142001086705e+00 4.803669670236331513e+00
3.384000000000000000e+04 3.700000733768200156e+00 3.709026555515907653e+00 3.871233923257761056e+00 3.928240629816459162e+00 4.757795437773280511e+00
3.402000000000000000e+04 3.700000729888293982e+00 3.708978826406257312e+00 3.870393651613660779e+00 3.926365059235637833e+00 4.714076687609667360e+00
3.420000000000000000e+04 3.700000726028903397e+00 3.708931349688105783e+00 3.869557601866470797e+00 3.924599065659811536e+00 4.672469156734950779e+00
3.438000000000000000e+04 3.700000722189922264e+00 3.708884124026565310e+00 3.868725739107765627e+00 3.922930772616015194e+00 4.632922908133242146e+00
3.456000000000000000e+04 3.700000718371242669e+00 3.708837148093838465e+00 3.867898030947820143e+00 3.921349630279375553e+00 4.595383185358656419e+00
3.474000000000000000e+04 3.700000714572756699e+00 3.708790420569177293e+00 3.867074447109313695e+00 3.919846270543446476e+00 4.559791217177300737e+00
3.492000000000000000e+04 3.700000710794357772e+00 3.708743940138843342e+00 3.866254959089711285e+00 3.918412377131118340e+00 4.526084969629094346e+00
3.510000000000000000e+04 3.700000707035937975e+00 3.708697705496058816e+00 3.865439539880647146e+00 3.917040569340535683e+00 4.494199843884391754e+00
3.528000000000000000e+04 3.700000703297393834e+00 3.708651715340972377e+00 3.864628163734570521e+00 3.915724298122563507e+00 4.464069319170907768e+00
3.546000000000000000e+04 3.700000699578618324e+00 3.708605968380614293e+00 3.863820805970648031e+00 3.914457753286781028e+00 4.435625540829184033e+00
3.564000000000000000e+04 3.700000695879507084e+00 3.708560463328863577e+00 3.863017442813220903e+00 3.913235780730378366e+00 4.408799854223950376e+00
3.582000000000000000e+04 3.700000692199957975e+00 3.708515198906406685e+00 3.862218051257322315e+00 3.912053808677717459e+00 4.383523285801008917e+00
3.600000000000000000e+04 3.700000688539865301e+00 3.708470173840699324e+00 3.861422608956638136e+00 3.910907782006971978e+00 4.359726973041521347e+00
3.618000000000000000e+04 3.700000684899127368e+00 3.708425386865933149e+00 3.860631094130157148e+00 3.909794103823734268e+00 4.337342545436078112e+00
3.636000000000000000e+04 3.700000681277642478e+00 3.708380836722997564e+00 3.859843485484311110e+00 3.908709583519602404e+00 4.316302458887838256e+00
3.654000000000000000e+04 3.700000677675307159e+00 3.708336522159441984e+00 3.859059762148020489e+00 3.907651390626305066e+00 4.296540286165922318e+00
3.672000000000000000e+04 3.700000674092020603e+00 3.708292441929443406e+00 3.858279903618472062e+00 3.906617013843037611e+00 4.277990966175547527e+00
3.690000000000000000e+04 3.700000670527680668e+00 3.708248594793765118e+00 3.857503889715806267e+00 3.905604224676516800e+00 4.260591014898412077e+00
3.708000000000000000e+04 3.700000666982190545e+00 3.708204979519730493e+00 3.856731700545246166e+00 3.904611045189780860e+00 4.244278700893204359e+00
3.726000000000000000e+04 3.700000663455449423e+00 3.708161594881183021e+00 3.855963316465403246e+00 3.903635719407558824e+00 4.228994188239592056e+00
3.744000000000000000e+04 3.700000659947358717e+00 3.708118439658445453e+00 3.855198718061739527e+00 3.902676687973035019e+00 4.214679649766293501e+00
3.762000000000000000e+04 3.700000656457818060e+00 3.708075512638296267e+00 3.854437886124322254e+00 3.901732565693533328e+00 4.201279353331289101e+00
3.780000000000000000e+04 3.700000652986729754e+00 3.708032812613932805e+00 3.853680801629154384e+00 3.900802121651306020e+00 4.188739723825831263e+00
3.798000000000000000e+04 3.700000649533995656e+00 3.707990338384928641e+00 3.852927445722492461e+00 3.899884261590512047e+00 4.177009383458546665e+00
3.816000000000000000e+04 3.700000646099519397e+00 3.707948088757214045e+00 3.852177799707658501e+00 3.898978012322817044e+00 4.166039172746546448e+00
3.834000000000000000e+04 3.700000642683204166e+00 3.707906062543029346e+00 3.851431845033932433e+00 3.898082507922393525e+00 4.155782154501018510e+00
3.852000000000000000e+04 3.700000639284956261e+00 3.707864258560894744e+00 3.850689563287168937e+00 3.897196977506326654e+00 4.146193602948711643e+00
3.870000000000000000e+04 3.700000635904678425e+00 3.707822675635584098e+00 3.849950936181886441e+00 3.896320734419223442e+00 4.137230979981280754e+00
3.888000000000000000e+04 3.700000632542272072e+00 3.707781312598087631e+00 3.849215945554548490e+00 3.895453166661060784e+00 4.128853900374101826e+00
3.906000000000000000e+04 3.700000629197648383e+00 3.707740168285574178e+00 3.848484573357870975e+00 3.894593728415456813e+00 4.121024087667011671e+00
3.924000000000000000e+04 3.700000625870708326e+00 3.707699241541360546e+00 3.847756801655979331e+00 3.893741932551721519e+00 4.113705322253409236e+00
3.942000000000000000e+04 3.700000622561363528e+00 3.707658531214885755e+00 3.847032612620271408e+00 3.892897343988420022e+00 4.106863383082540508e+00
3.960000000000000000e+04 3.700000619269516733e+00 3.707618036161672403e+00 3.846311988525881631e+00 3.892059573819019569e+00 4.100465984243797379e+00
3.978000000000000000e+04 3.700000615995078235e+00 3.707577755243292472e+00 3.845594911748639433e+00 3.891228274111596441e+00 4.094482707572220548e+00
3.996000000000000000e+04 3.700000612737953887e+00 3.707537687327348674e+00 3.844881364762448683e+00 3.890403133304629169e+00 4.088884932291911412e+00
4.014000000000000000e+04 3.700000609498053539e+00 3.707497831287417611e+00 3.844171330137014397e+00 3.889583872130002007e+00 4.083645762598936635e+00
4.032000000000000000e+04 3.700000606275285264e+00 3.707458186003046219e+00 3.843464790535874975e+00 3.888770240002191514e+00 4.078739953977871480e+00
4.050000000000000000e+04 3.700000603069558913e+00 3.707418750359698034e+00 3.842761728714675140e+00 3.887962011819719343e+00 4.074143838946492124e+00
4.068000000000000000e+04 3.700000599880783003e+00 3.707379523248736763e+00 3.842062127519642267e+00 3.887158985131226707e+00 4.069835252831171424e+00
4.086000000000000000e+04 3.700000596708870937e+00 3.707340503567385426e+00 3.841365969886248344e+00 3.886360977624014890e+00 4.065793460091187583e+00
4.104000000000000000e+04 3.700000593553730344e+00 3.707301690218702372e+00 3.840673238838011816e+00 3.885567824897816269e+00 4.061999081633172359e+00
4.122000000000000000e+04 3.700000590415275514e+00 3.707263082111546204e+00 3.839983917485433107e+00 3.884779378490882173e+00 4.058434023487047071e+00
4.140000000000000000e+04 3.700000587293415411e+00 3.707224678160546016e+00 3.839297989025018509e+00 3.883995504129331255e+00 4.055081407151675421e+00
4.158000000000000000e+04 3.700000584188063879e+00 3.707186477286071202e+00 3.838615436738415987e+00 3.883216080174025198e+00 4.051925501861770584e+00
4.176000000000000000e+04 3.700000581099132546e+00 3.707148478414200810e+00 3.837936243991603824e+00 3.882440996242299214e+00 4.048951658976892354e+00
4.194000000000000000e+04 3.700000578026535258e+00 3.707110680476692899e+00 3.837260394234158767e+00 3.881670151984463857e+00 4.046146248648366139e+00
4.212000000000000000e+04 3.700000574970185863e+00 3.707073082410954790e+00 3.836587870998567240e+00 3.880903455997353646e+00 4.043496598880150117e+00
4.230000000000000000e+04 3.700000571929998650e+00 3.707035683160012862e+00 3.835918657899587636e+00 3.880140824859254156e+00 4.040990937064709243e+00
4.248000000000000000e+04 3.700000568905887910e+00 3.706998481672487245e+00 3.835252738633649017e+00 3.879382182272351542e+00 4.038618334044467240e+00
4.266000000000000000e+04 3.700000565897767935e+00 3.706961476902556729e+00 3.834590096978289786e+00 3.878627458300466735e+00 4.036368650722955920e+00
4.284000000000000000e+04 3.700000562905553902e+00 3.706924667809925023e+00 3.833930716791608795e+00 3.877876588691227866e+00 4.034232487227113140e+00
4.302000000000000000e+04 3.700000559929162769e+00 3.706888053359807422e+00 3.833274582011761744e+00 3.877129514273145006e+00 4.032201134602717119e+00
4.320000000000000000e+04 3.700000556968510601e+00 3.706851632522883300e+00 3.832621676656458920e+00 3.876386180419079786e+00 4.030266529008708076e+00
4.338000000000000000e+04 3.700000554023514354e+00 3.706815404275282777e+00 3.831971984822488686e+00 3.875646536568630562e+00 4.028421208362491512e+00
4.356000000000000000e+04 3.700000551094091428e+00 3.706779367598545427e+00 3.831325490685266288e+00 3.874910535802833067e+00 4.026658271377102416e+00
4.374000000000000000e+04 3.700000548180158333e+00 3.706743521479597625e+00 3.830682178498375556e+00 3.874178134465252388e+00 4.024971338922139097e+00
4.392000000000000000e+04 3.700000545281632469e+00 3.706707864910728567e+00 3.830042032593134138e+00 3.873449291824321961e+00 4.023354517633209504e+00
4.410000000000000000e+04 3.700000542398434789e+00 3.706672396889550303e+00 3.829405037378168064e+00 3.872723969772307484e+00 4.021802365689209680e+00
4.428000000000000000e+04 3.700000539530482691e+00 3.706637116418978639e+00 3.828771177339001852e+00 3.872002132556802145e+00 4.020309860672814928e+00
4.446000000000000000e+04 3.700000536677696239e+00 3.706602022507205163e+00 3.828140437037633959e+00 3.871283746541180903e+00 4.018872369426800262e+00
4.464000000000000000e+04 3.700000533839994166e+00 3.706567114167661270e+00 3.827512801112147756e+00 3.870568779990792407e+00 4.017485619817309228e+00
4.482000000000000000e+04 3.700000531017300531e+00 3.706532390419000844e+00 3.826888254276303414e+00 3.869857202882027281e+00 4.016145674314513414e+00
4.500000000000000000e+04 3.700000528209530071e+00 3.706497850285064288e+00 3.826266781319156429e+00 3.869148986731785644e+00 4.014848905301212412e+00
4.518000000000000000e+04 3.700000525416607289e+00 3.706463492794856762e+00 3.825648367104662384e+00 3.868444104445075027e+00 4.013591972020925880e+00
4.536000000000000000e+04 3.700000522638454470e+00 3.706429316982519317e+00 3.825032996571299915e+00 3.867742530178782445e+00 4.012371799078239931e+00
4.554000000000000000e+04 3.700000519874991678e+00 3.706395321887297811e+00 3.824420654731688352e+00 3.867044239219838975e+00 4.011185556406259067e+00
4.572000000000000000e+04 3.700000517126141641e+00 3.706361506553522034e+00 3.823811326672218236e+00 3.866349207876218053e+00 4.010030640618104769e+00
4.590000000000000000e+04 3.700000514391827977e+00 3.706327870030574623e+00 3.823204997552676510e+00 3.865657413379392615e+00 4.008904657662032633e+00
4.608000000000000000e+04 3.700000511671973413e+00 3.706294411372864861e+00 3.822601652605875699e+00 3.864968833796972536e+00 4.007805406702562578e+00
4.626000000000000000e+04 3.700000508966498014e+00 3.706261129639804253e+00 3.822001277137295983e+00 3.864283447954489858e+00 4.006730865152875687e+00
4.644000000000000000e+04 3.700000506275329837e+00 3.706228023895778101e+00 3.821403856524714371e+00 3.863601235365292652e+00 4.005679174786881624e+00
4.662000000000000000e+04 3.700000503598392942e+00 3.706195093210119751e+00 3.820809376217856546e+00 3.862922176167712607e+00 4.004648628862546467e+00
4.680000000000000000e+04 3.700000500935611836e+00 3.706162336657086165e+00 3.820217821738023822e+00 3.862246251068705227e+00 4.003637660191108338e+00
4.698000000000000000e+04 3.700000498286911466e+00 3.706129753315825059e+00 3.819629178677755643e+00 3.861573441293317366e+00 4.002644830090247297e+00
4.716000000000000000e+04 3.700000495652215449e+00 3.706097342270360251e+00 3.819043432700457430e+00 3.860903728539309299e+00 4.001668818162146479e+00
4.734000000000000000e+04 3.700000493031452287e+00 3.706065102609556128e+00 3.818460569540067517e+00 3.860237094936432634e+00 4.000708412840827677e+00
4.752000000000000000e+04 3.700000490424547372e+00 3.706033033427098111e+00 3.817880575000699217e+00 3.859573523009854235e+00 3.999762502655965779e+00
4.770000000000000000e+04 3.700000487831426987e+00 3.706001133821458016e+00 3.817303434956294872e+00 3.858912995647274080e+00 3.998830068163474749e+00
4.788000000000000000e+04 3.700000485252018301e+00 3.705969402895886056e+00 3.816729135350285684e+00 3.858255496069395107e+00 3.997910174496076330e+00
4.806000000000000000e+04 3.700000482686249370e+00 3.705937839758367325e+00 3.816157662195243105e+00 3.857601007803349802e+00 3.997001964489815151e+00
4.824000000000000000e+04 3.700000480134047365e+00 3.705906443521606697e+00 3.815589001572543104e+00 3.856949514658803313e+00 3.996104652345175978e+00
4.842000000000000000e+04 3.700000477595341231e+00 3.705875213303002624e+00 3.815023139632025106e+00 3.856301000706428894e+00 3.995217517784102057e+00
4.860000000000000000e+04 3.700000475070060801e+00 3.705844148224619161e+00 3.814460062591656264e+00 3.855655450258557160e+00 3.994339900666593834e+00
4.878000000000000000e+04 3.700000472558133247e+00 3.705813247413163758e+00 3.813899756737196611e+00 3.855012847851715829e+00 3.993471196033016479e+00
4.896000000000000000e+04 3.700000470059487512e+00 3.705782509999961505e+00 3.813342208421858892e+00 3.854373178230910302e+00 3.992610849540363382e+00
4.914000000000000000e+04 3.700000467574053431e+00 3.705751935120934704e+00 3.812787404065987928e+00 3.853736426335450105e+00 3.991758353263008985e+00
4.932000000000000000e+04 3.700000465101763503e+00 3.705721521916574002e+00 3.812235330156721780e+00 3.853102577286157349e+00 3.990913241830298830e+00
4.950000000000000000e+04 3.700000462642547561e+00 3.705691269531911303e+00 3.811685973247666226e+00 3.852471616373823071e+00 3.990075088875431497e+00
4.968000000000000000e+04 3.700000460196334107e+00 3.705661177116507332e+00 3.811139319958572358e+00 3.851843529048788906e+00 3.989243503771655597e+00
4.986000000000000000e+04 3.700000457763055195e+00 3.705631243824414778e+00 3.810595356975000403e+00 3.851218300911535941e+00 3.988418128633723470e+00
5.004000000000000000e+04 3.700000455342643768e+00 3.705601468814164079e+00 3.810054071048006641e+00 3.850595917704160431e+00 3.987598635563900373e+00
5.022000000000000000e+04 3.700000452935029660e+00 3.705571851248731896e+00 3.809515448993818776e+00 3.849976365302684833e+00 3.986784724123510593e+00
5.040000000000000000e+04 3.700000450540148478e+00 3.705542390295524235e+00 3.808979477693517524e+00 3.849359629710094488e+00 3.985976119012250685e+00
5.058000000000000000e+04 3.700000448157930943e+00 3.705513085126350248e+00 3.808446144092708874e+00 3.848745697050015124e+00 3.985172567938874089e+00
5.076000000000000000e+04 3.700000445788309555e+00 3.705483934917396027e+00 3.807915435201221666e+00 3.848134553561013860e+00 3.984373839668065909e+00
5.094000000000000000e+04 3.700000443431219033e+00 3.705454938849207736e+00 3.807387338092779849e+00 3.847526185591388703e+00 3.983579722229416475e+00
5.112000000000000000e+04 3.700000441086592318e+00 3.705426096106665845e+00 3.806861839904692069e+00 3.846920579594483858e+00 3.982790021275551151e+00
5.130000000000000000e+04 3.700000438754362797e+00 3.705397405878958939e+00 3.806338927837545683e+00 3.846317722124410476e+00 3.982004558577344255e+00
5.148000000000000000e+04 3.700000436434464302e+00 3.705368867359563723e+00 3.805818589154887910e+00 3.845717599832157774e+00 3.981223170645185938e+00
5.166000000000000000e+04 3.700000434126834659e+00 3.705340479746222382e+00 3.805300811182917187e+00 3.845120199462053634e+00 3.980445707466020444e+00
5.184000000000000000e+04 3.700000431831407255e+00 3.705312242240924370e+00 3.804785581310182963e+00 3.844525507848562729e+00 3.979672031346738414e+00
5.202000000000000000e+04 3.700000429548118142e+00 3.705284154049871326e+00 3.804272886987270841e+00 3.843933511913334211e+00 3.978902015855202201e+00
5.220000000000000000e+04 3.700000427276902037e+00 3.705256214383466862e+00 3.803762715726499710e+00 3.843344198662537625e+00 3.978135544850910144e+00
5.238000000000000000e+04 3.700000425017695882e+00 3.705228422456294801e+00 3.803255055101628201e+00 3.842757555184409313e+00 3.977372511597868865e+00
5.256000000000000000e+04 3.700000422770436170e+00 3.705200777487085428e+00 3.802749892747537164e+00 3.842173568647016868e+00 3.976612817952903889e+00
5.274000000000000000e+04 3.700000420535059398e+00 3.705173278698704387e+00 3.802247216359941895e+00 3.841592226296212775e+00 3.975856373623150475e+00
5.292000000000000000e+04 3.700000418311502948e+00 3.705145925318126476e+00 3.801747013695089272e+00 3.841013515453759908e+00 3.975103095486907101e+00
5.310000000000000000e+04 3.700000416099703315e+00 3.705118716576414784e+00 3.801249272569455773e+00 3.840437423515599136e+00 3.974352906972643318e+00
5.328000000000000000e+04 3.700000413899599661e+00 3.705091651708699807e+00 3.800753980859461922e+00 3.839863937950268369e+00 3.973605737491253898e+00
5.346000000000000000e+04 3.700000411711130255e+00 3.705064729954152369e+00 3.800261126501171205e+00 3.839293046297444167e+00 3.972861521917038452e+00
5.364000000000000000e+04 3.700000409534230705e+00 3.705037950555975179e+00 3.799770697489993410e+00 3.838724736166595264e+00 3.972120200113399058e+00
5.382000000000000000e+04 3.700000407368844613e+00 3.705011312761367748e+00 3.799282681880405299e+00 3.838158995235736448e+00 3.971381716499396752e+00
5.400000000000000000e+04 3.700000405214908916e+00 3.704984815821513067e+00 3.798797067785646853e+00 3.837595811250271272e+00 3.970646019653753633e+00
5.418000000000000000e+04 3.700000403072362332e+00 3.704958458991548742e+00 3.798313843377443266e+00 3.837035172021933782e+00 3.969913061953102229e+00
5.436000000000000000e+04 3.700000400941144019e+00 3.704932241530559445e+00 3.797832996885714074e+00 3.836477065427800426e+00 3.969182799241584902e+00
5.454000000000000000e+04 3.700000398821196690e+00 3.704906162701542272e+00 3.797354516598286267e+00 3.835921479409351242e+00 3.968455190529110777e+00
5.472000000000000000e+04 3.700000396712458173e+00 3.704880221771394755e+00 3.796878390860605634e+00 3.835368401971622099e+00 3.967730197715856999e+00
5.490000000000000000e+04 3.700000394614869847e+00 3.704854418010893102e+00 3.796404608075467202e+00 3.834817821182395114e+00 3.967007785340715298e+00
5.508000000000000000e+04 3.700000392528373538e+00 3.704828750694667328e+00 3.795933156702719025e+00 3.834269725171446375e+00 3.966287920351681429e+00
5.526000000000000000e+04 3.700000390452910182e+00 3.704803219101179046e+00 3.795464025258990848e+00 3.833724102129838052e+00 3.965570571896267271e+00
5.544000000000000000e+04 3.700000388388421602e+00 3.704777822512716590e+00 3.794997202317414775e+00 3.833180940309249607e+00 3.964855711130235605e+00
5.562000000000000000e+04 3.700000386334847846e+00 3.704752560215355484e+00 3.794532676507342828e+00 3.832640228021360507e+00 3.964143311043054396e+00
5.580000000000000000e+04 3.700000384292134292e+00 3.704727431498948675e+00 3.794070436514072497e+00 3.832101953637244485e+00 3.963433346298642412e+00
5.598000000000000000e+04 3.700000382260222764e+00 3.704702435657105664e+00 3.793610471078575408e+00 3.831566105586813542e+00 3.962725793090076110e+00
5.616000000000000000e+04 3.700000380239055531e+00 3.704677571987171625e+00 3.793152768997223756e+00 3.831032672358289481e+00 3.962020629007046324e+00
5.634000000000000000e+04 3.700000378228574860e+00 3.704652839790208763e+00 3.792697319121514088e+00 3.830501642497691428e+00 3.961317832914970527e+00
5.652000000000000000e+04 3.700000376228726573e+00 3.704628238370970106e+00 3.792244110357792408e+00 3.829973004608350884e+00 3.960617384844717037e+00
5.670000000000000000e+04 3.700000374239452494e+00 3.704603767037892403e+00 3.791793131667004602e+00 3.829446747350456093e+00 3.959919265892053009e+00
