0.000000000000000000e+00 3.699999999999999734e+00 3.700000000000001954e+00 3.699999999999974420e+00 3.699999999999979750e+00 3.700000000000008615e+00
1.800000000000000000e+02 3.701555495978552379e+00 3.700000004224488492e+00 3.699999999999959321e+00 3.699999999999962430e+00 3.700000000000014833e+00
3.600000000000000000e+02 3.728741383281213739e+00 3.700000154506079220e+00 3.699999999999947775e+00 3.699999999999944222e+00 3.700000000000023270e+00
5.400000000000000000e+02 3.906198923393500611e+00 3.700002602909124860e+00 3.699999999999938893e+00 3.699999999999925571e+00 3.700000000000030376e+00
7.200000000000000000e+02 4.482217429496913041e+00 3.700027076217023758e+00 3.699999999999933120e+00 3.699999999999903366e+00 3.700000000000035261e+00
9.000000000000000000e+02 5.585414946204439346e+00 3.700196678500267566e+00 3.699999999999936673e+00 3.699999999999883826e+00 3.700000000000040146e+00
1.080000000000000000e+03 7.022992757736190583e+00 3.701069737967630502e+00 3.700000000000025491e+00 3.699999999999860290e+00 3.700000000000043698e+00
1.260000000000000000e+03 8.400253075632241107e+00 3.704563020747037250e+00 3.700000000000974953e+00 3.699999999999834976e+00 3.700000000000046807e+00
1.440000000000000000e+03 9.444008304003132181e+00 3.715792183165291807e+00 3.700000000009047163e+00 3.699999999999806999e+00 3.700000000000046807e+00
1.620000000000000000e+03 1.014138017246005141e+01 3.745552686622233285e+00 3.700000000067327210e+00 3.699999999999779021e+00 3.700000000000047695e+00
1.800000000000000000e+03 1.058620639105712335e+01 3.812000013297402123e+00 3.700000000432182024e+00 3.699999999999750155e+00 3.700000000000045475e+00
1.980000000000000000e+03 1.086739544782832745e+01 3.939358240131476396e+00 3.700000002439367552e+00 3.699999999999719957e+00 3.700000000000042366e+00
2.160000000000000000e+03 1.104636063219471076e+01 4.152507335579291414e+00 3.700000012247626202e+00 3.699999999999690203e+00 3.700000000000038813e+00
2.340000000000000000e+03 1.116178029517197601e+01 4.468973168199108059e+00 3.700000055206936977e+00 3.699999999999663558e+00 3.700000000000035261e+00
2.520000000000000000e+03 1.123736378634197308e+01 4.892087122114137543e+00 3.700000225164187473e+00 3.699999999999650235e+00 3.700000000000029932e+00
2.700000000000000000e+03 1.128762193580435813e+01 5.408775860704582605e+00 3.700000836612910238e+00 3.699999999999711076e+00 3.700000000000023270e+00
2.880000000000000000e+03 1.132152171927822337e+01 5.992763915314481160e+00 3.700002848946455369e+00 3.700000000000120082e+00 3.700000000000016609e+00
3.060000000000000000e+03 1.134468540054966468e+01 6.611158975262109827e+00 3.700008939720040857e+00 3.700000000002071410e+00 3.700000000000008615e+00
3.240000000000000000e+03 1.136069606580826985e+01 7.231364234755641718e+00 3.700025976025025365e+00 3.700000000010342127e+00 3.699999999999998845e+00
3.420000000000000000e+03 1.137187500833170439e+01 7.826092651092224628e+00 3.700070207632630837e+00 3.700000000042737103e+00 3.699999999999989075e+00
3.600000000000000000e+03 1.137974976360563240e+01 8.375766438160587413e+00 3.700177242732072713e+00 3.700000000161348446e+00 3.699999999999981970e+00
3.780000000000000000e+03 1.138534013191936545e+01 8.868718277377988457e+00 3.700419580157128241e+00 3.700000000569201308e+00 3.699999999999972200e+00
3.960000000000000000e+03 1.138933588354851345e+01 9.300050370938462763e+00 3.700934787922356417e+00 3.700000001890607848e+00 3.699999999999961098e+00
4.140000000000000000e+03 1.139220903746976354e+01 9.669947275311681523e+00 3.701966827159396622e+00 3.700000005935762726e+00 3.699999999999952216e+00
4.320000000000000000e+03 1.139428596685585404e+01 9.981978543923830216e+00 3.703921055190423584e+00 3.700000017665948437e+00 3.699999999999941558e+00
4.500000000000000000e+03 1.139579442028369094e+01 1.024166599606021499e+01 3.707429952818324548e+00 3.700000049963510840e+00 3.699999999999932232e+00
4.680000000000000000e+03 1.139689462151975086e+01 1.045540505894397398e+01 3.713422040698182158e+00 3.700000134586734823e+00 3.699999999999930012e+00
4.860000000000000000e+03 1.139770010530108912e+01 1.062972508393085747e+01 3.723181869761119867e+00 3.700000346017455755e+00 3.699999999999946887e+00
5.040000000000000000e+03 1.139829183974089055e+01 1.077082810255142320e+01 3.738385921794726841e+00 3.700000850748958126e+00 3.700000000000029043e+00
5.220000000000000000e+03 1.139872789890788418e+01 1.088433510344676947e+01 3.761099205771845089e+00 3.700002004145073187e+00 3.700000000000309708e+00
5.400000000000000000e+03 1.139905014997846777e+01 1.097517568368724383e+01 3.793721088231011063e+00 3.700004531672078656e+00 3.700000000001154810e+00
5.580000000000000000e+03 1.139928891534725608e+01 1.104756993456571479e+01 3.838876168460894078e+00 3.700009852158741008e+00 3.700000000003579093e+00
5.760000000000000000e+03 1.139946624746639792e+01 1.110506496423743883e+01 3.899255391550467742e+00 3.700020628043205750e+00 3.700000000010228440e+00
5.940000000000000000e+03 1.139959824480399142e+01 1.115060008451738049e+01 3.977421939045711952e+00 3.700041660008576372e+00 3.700000000027792169e+00
6.120000000000000000e+03 1.139969669967182320e+01 1.118658370345028885e+01 4.075603531452479444e+00 3.700081277357088361e+00 3.700000000072551032e+00
6.300000000000000000e+03 1.139977027712141044e+01 1.121497150278515242e+01 4.195496002022223614e+00 3.700153404490684750e+00 3.700000000182839255e+00
6.480000000000000000e+03 1.139982536255272905e+01 1.123733998274999202e+01 4.338101768221537924e+00 3.700280498838617760e+00 3.700000000445895498e+00
6.660000000000000000e+03 1.139986667388428110e+01 1.125495241977959893e+01 4.503621640378358215e+00 3.700497545693270052e+00 3.700000001053940224e+00
6.840000000000000000e+03 1.139989770549917658e+01 1.126881614289262679e+01 4.691410598624222494e+00 3.700857250120876962e+00 3.700000002417427769e+00
7.020000000000000000e+03 1.139992105140285794e+01 1.127973113730313415e+01 4.899999448263905322e+00 3.701436477764736832e+00 3.700000005386616664e+00
7.200000000000000000e+03 1.139993864126454781e+01 1.128833058634499764e+01 5.127176252130490219e+00 3.702343863134106350e+00 3.700000011671776612e+00
7.380000000000000000e+03 1.139995191337092351e+01 1.129511424687626864e+01 5.370115331500291411e+00 3.703728332229159648e+00 3.700000024616359795e+00
7.560000000000000000e+03 1.139996194172209165e+01 1.130047564346189759e+01 5.625538036780209694e+00 3.705788091654569349e+00 3.700000050578526878e+00
7.740000000000000000e+03 1.139996952967939237e+01 1.130472404526469710e+01 5.889888461223915961e+00 3.708779442617979871e+00 3.700000101330040092e+00
7.920000000000000000e+03 1.139997527913939557e+01 1.130810210966796880e+01 6.159508419880070917e+00 3.713024614693057668e+00 3.700000198107285421e+00
8.100000000000000000e+03 1.139997964174817113e+01 1.131079997106760970e+01 6.430798709956533799e+00 3.718917711048162822e+00 3.700000378269059365e+00
8.280000000000000000e+03 1.139998295690039498e+01 1.131296644152506836e+01 6.700357207132272563e+00 3.726927839488787697e+00 3.700000705952616542e+00
8.460000000000000000e+03 1.139998547999007528e+01 1.131471788295547931e+01 6.965088100535419713e+00 3.737598587928406602e+00 3.700001288693983703e+00
8.640000000000000000e+03 1.139998740345349049e+01 1.131614521370418736e+01 7.222280038392516310e+00 3.751543191257752596e+00 3.700002302704561430e+00
8.820000000000000000e+03 1.139998887247099368e+01 1.131731942791060597e+01 7.469653832222991952e+00 3.769435016809929984e+00 3.700004030375017461e+00
9.000000000000000000e+03 1.139998999670308244e+01 1.131829593422879654e+01 7.705382500012487590e+00 3.791993342037085934e+00 3.700006914592410823e+00
9.180000000000000000e+03 1.139999085907619758e+01 1.131911796049365648e+01 7.928087800760527770e+00 3.819964775032790083e+00 3.700011635565491286e+00
9.360000000000000000e+03 1.139999152236963553e+01 1.131981922152343145e+01 8.136818098768975105e+00 3.854101035815635790e+00 3.700019216985173109e+00
9.540000000000000000e+03 1.139999203416113716e+01 1.132042600699792523e+01 8.331012522977220058e+00 3.895134134517367119e+00 3.700031169399184972e+00
9.720000000000000000e+03 1.139999243054495537e+01 1.132095881382943681e+01 8.510456101184381339e+00 3.943750218828530052e+00 3.700049679519111123e+00
9.900000000000000000e+03 1.139999273893085885e+01 1.132143362134178410e+01 8.675229993852699550e+00 4.000563494670144493e+00 3.700077854647065845e+00
1.008000000000000000e+04 1.139999298015375828e+01 1.132186288673847052e+01 8.825660251596877615e+00 4.066091641109625954e+00 3.700120031339042548e+00
1.026000000000000000e+04 1.139999317006568624e+01 1.132225632178535513e+01 8.962267773127152282e+00 4.140734045908391003e+00 3.700182156645857035e+00
1.044000000000000000e+04 1.139999332073849381e+01 1.132262149852533462e+01 9.085721417987175030e+00 4.224753996016749724e+00 3.700272248647834328e+00
1.062000000000000000e+04 1.139999344137343051e+01 1.132296432149640175e+01 9.196795577627398188e+00 4.318265690619137231e+00 3.700400940427293062e+00
1.080000000000000000e+04 1.139999353898986456e+01 1.132328939577872617e+01 9.296332955002862164e+00 4.421226630838876126e+00 3.700582108069204512e+00
1.098000000000000000e+04 1.139999361894715157e+01 1.132360031379628396e+01 9.385212856671952153e+00 4.533435609244204301e+00 3.700833578793085721e+00
1.116000000000000000e+04 1.139999368534063251e+01 1.132389987877960635e+01 9.464324960517737750e+00 4.654536201377021953e+00 3.701177910036866248e+00
1.134000000000000000e+04 1.139532725336659702e+01 1.132419026619175995e+01 9.534548277544146799e+00 4.784025373883893373e+00 3.701643224468916138e+00
1.152000000000000000e+04 1.131843612732115290e+01 1.132447277188833645e+01 9.596734864452443503e+00 4.921266586796553710e+00 3.702264079814944431e+00
1.170000000000000000e+04 1.086762121062053232e+01 1.132474270007215367e+01 9.651697749992878883e+00 5.065506591827946714e+00 3.703082346436867844e+00
1.188000000000000000e+04 9.667271861648638165e+00 1.132494835736363648e+01 9.700202497626969844e+00 5.215895018485846357e+00 3.704148060216585492e+00
1.206000000000000000e+04 8.008843689089745865e+00 1.132478001523731770e+01 9.742961826228903277e+00 5.371505793893883052e+00 3.705520213911370764e+00
1.224000000000000000e+04 6.554887876531575230e+00 1.132292660944938056e+01 9.780632737587724890e+00 5.531359454404454645e+00 3.707267447164114493e+00
1.242000000000000000e+04 5.535490999627536546e+00 1.131526058995191875e+01 9.813815644554852113e+00 5.694445468113588760e+00 3.709468594110583162e+00
1.260000000000000000e+04 4.877578088760458286e+00 1.129187513405370247e+01 9.843055049037761961e+00 5.859743786102455942e+00 3.712213048271870708e+00
1.278000000000000000e+04 4.462772350563954049e+00 1.123441943175205360e+01 9.868841378727845282e+00 6.026244964862159215e+00 3.715600907277241127e+00
1.296000000000000000e+04 4.201012419015919264e+00 1.111668561265148547e+01 9.891613651034695920e+00 6.192968341531234877e+00 3.719742864920736469e+00
1.314000000000000000e+04 4.034010990293526611e+00 1.091056086832988292e+01 9.911762688665200827e+00 6.358977887069126034e+00 3.724759824966301647e+00
1.332000000000000000e+04 3.925876866664859133e+00 1.059572655691101062e+01 9.929634659844069233e+00 6.523395501738560753e+00 3.730782219703283609e+00
1.350000000000000000e+04 3.854753497166826470e+00 1.016803698477580120e+01 9.945534750719778216e+00 6.685411645616841980e+00 3.737949026128477570e+00
1.368000000000000000e+04 3.807260582157435458e+00 9.641962700751605553e+00 9.959730783881651561e+00 6.844293309594387864e+00 3.746406483318709846e+00
1.386000000000000000e+04 3.775102482258373193e+00 9.046399150098885400e+00 9.972456546428716706e+00 6.999389426586160035e+00 3.756306525534938601e+00
1.404000000000000000e+04 3.753054209576752065e+00 8.416806976581653998e+00 9.983914434296375262e+00 7.150133897237713754e+00 3.767804956322632126e+00
1.422000000000000000e+04 3.737769600214419174e+00 7.787507209160764887e+00 9.994276689897347410e+00 7.296046459354410985e+00 3.781059398821677853e+00
1.440000000000000000e+04 3.727070547540058953e+00 7.186508742467694333e+00 1.000368395025931534e+01 7.436731666755089343e+00 3.796227066199774569e+00
1.458000000000000000e+04 3.719517442363772020e+00 6.633342902841863342e+00 1.001223904502268702e+01 7.571876263115879802e+00 3.813462403182577010e+00
1.476000000000000000e+04 3.714145394138107736e+00 6.139202927409510124e+00 1.001999315398753865e+01 7.701245241942463515e+00 3.832914654775033014e+00
1.494000000000000000e+04 3.710299501801195277e+00 5.708366290923995834e+00 1.002692093595251599e+01 7.824676877611623560e+00 3.854725421265051022e+00
1.512000000000000000e+04 3.707530246189177259e+00 5.340055743830212087e+00 1.003288164554249029e+01 7.942076996975464098e+00 3.879026259400868870e+00
1.530000000000000000e+04 3.705525990639654488e+00 5.030217449779948780e+00 1.003756513792963823e+01 8.053412738666425597e+00 3.905936388274828808e+00
1.548000000000000000e+04 3.704068771493539192e+00 4.772973884291856983e+00 1.004042528156847780e+01 8.158706019993788416e+00 3.935560555068838617e+00
1.566000000000000000e+04 3.703004943367494750e+00 4.561690993654813120e+00 1.004060826942369111e+01 8.258026900741054277e+00 3.967987110644895399e+00
1.584000000000000000e+04 3.702225444024940693e+00 4.389694112527313230e+00 1.003688847356032987e+01 8.351487000246523351e+00 4.003286338289869128e+00
1.602000000000000000e+04 3.701652376890887552e+00 4.250703939946102849e+00 1.002762810457715048e+01 8.439233089227924367e+00 4.041509071086306193e+00
1.620000000000000000e+04 3.701229796450324017e+00 4.139068378450019736e+00 1.001077731269569249e+01 8.521440940619759985e+00 4.082685624743633390e+00
1.638000000000000000e+04 3.700917322597481185e+00 4.049855888813193694e+00 9.983927525262375369e+00 8.598309483490705674e+00 4.126825063656688108e+00
1.656000000000000000e+04 3.700685679432396125e+00 3.978861342759399733e+00 9.944423021420318420e+00 8.670055260075013592e+00 4.173914808816898692e+00
1.674000000000000000e+04 3.700513555783889519e+00 3.922561158548457882e+00 9.889525560235433943e+00 8.736907137816940505e+00 4.223920587314257347e+00
1.692000000000000000e+04 3.700385381372378379e+00 3.878042745080514830e+00 9.816616706598383146e+00 8.799101177207992563e+00 4.276786714823034075e+00
1.710000000000000000e+04 3.700289742249134317e+00 3.842924362068170563e+00 9.723414811986231143e+00 8.856875505489952616e+00 4.332436694900449581e+00
1.728000000000000000e+04 3.700218245711204279e+00 3.815275138249991649e+00 9.608180179252535424e+00 8.910465002299629234e+00 4.390774112330460888e+00
1.746000000000000000e+04 3.700164703259176679e+00 3.793540660738599968e+00 9.469883376675515052e+00 8.960095575263133938e+00 4.451683792244196525e+00
1.764000000000000000e+04 3.700124539898610454e+00 3.776476733258252505e+00 9.308317354140466904e+00 9.005977802628246209e+00 4.515033192419378061e+00
1.782000000000000000e+04 3.700094365370538707e+00 3.763092155473138245e+00 9.124142448263121707e+00 9.048299757491554018e+00 4.580673993026350033e+00
1.800000000000000000e+04 3.700071661781497934e+00 3.752600356366575962e+00 8.918862663968724291e+00 9.087218912444695817e+00 4.648443846125158707e+00
1.818000000000000000e+04 3.700054555269827183e+00 3.744379170759098319e+00 8.694740045791730765e+00 9.122853156956351128e+00 4.718168246361722495e+00
1.836000000000000000e+04 3.700041648585069787e+00 3.737937803685351668e+00 8.454660258104111037e+00 9.155271136320138226e+00 4.789662484463625525e+00
1.854000000000000000e+04 3.700031897981197915e+00 3.732889963323403837e+00 8.201966080667519421e+00 9.184482324455590430e+00 4.862733646171938595e+00
1.872000000000000000e+04 3.700024522456238252e+00 3.728932181169906102e+00 7.940276402024608160e+00 9.210427448114076654e+00 4.937182621018905593e+00
1.890000000000000000e+04 3.700018936675920411e+00 3.725826428286014291e+00 7.673306912185955397e+00 9.232970055986177371e+00 5.012806087714021253e+00
1.908000000000000000e+04 3.700014701288430796e+00 3.723386248026940848e+00 7.404705752749182857e+00 9.251890140625517844e+00 5.089398445667783655e+00
1.926000000000000000e+04 3.700011486043270903e+00 3.721465740704761771e+00 7.137913623782608852e+00 9.266880746539685632e+00 5.166753665199970591e+00
1.944000000000000000e+04 3.700009042360317135e+00 3.719950844248809396e+00 6.876053932810219926e+00 9.277548417033923300e+00 5.244667032092403147e+00
1.962000000000000000e+04 3.700007182889667678e+00 3.718752452327377167e+00 6.621854998539929760e+00 9.283418142374729953e+00 5.322936765217051835e+00
1.980000000000000000e+04 3.700005766254071737e+00 3.717800995843405953e+00 6.377603400002342937e+00 9.283943185152416788e+00 5.401365488885707222e+00
1.998000000000000000e+04 3.700004685641095303e+00 3.717042185231449469e+00 6.145125428135652434e+00 9.278519802263289762e+00 5.479761544247552685e+00
2.016000000000000000e+04 3.700003860260362210e+00 3.716433670508121345e+00 5.925792254184265140e+00 9.266506494097061619e+00 5.557940126466752062e+00
2.034000000000000000e+04 3.700003228936866062e+00 3.715942424929869148e+00 5.720543789182848116e+00 9.247247032659776877e+00 5.635724236549930488e+00
2.052000000000000000e+04 3.700002745299467932e+00 3.715542697880492629e+00 5.529926133211782613e+00 9.220096192664090751e+00 5.712945438618431737e+00
2.070000000000000000e+04 3.700002374162550289e+00 3.715214414693737144e+00 5.354137847602064681e+00 9.184446867439962858e+00 5.789444415233225172e+00
2.088000000000000000e+04 3.700002088801492839e+00 3.714941926832497909e+00 5.193080880441074854e+00 9.139757118185347196e+00 5.865071315221260129e+00
2.106000000000000000e+04 3.700001868898630253e+00 3.714713036351780406e+00 5.046412709234417981e+00 9.085575690620540712e+00 5.939685890486773090e+00
2.124000000000000000e+04 3.700001698992894550e+00 3.714518234853493084e+00 4.913597035441961580e+00 9.021564634095552648e+00 6.013157420693384658e+00
2.142000000000000000e+04 3.700001567308297989e+00 3.714350110022011986e+00 4.793951103056346419e+00 8.947517859395329509e+00 6.085364427632595330e+00
2.160000000000000000e+04 3.700001464867721523e+00 3.714202882990898846e+00 4.686688372195514596e+00 8.863374748868444897e+00 6.156194184673553949e+00
2.178000000000000000e+04 3.700001384821829387e+00 3.714072047787321473e+00 4.590955834690102044e+00 8.769228256961383750e+00 6.225542030979232422e+00
2.196000000000000000e+04 3.700001321940361798e+00 3.713954090380685802e+00 4.505865703771648079e+00 8.665327280362509654e+00 6.293310505156850532e+00
2.214000000000000000e+04 3.700001272226154825e+00 3.713846269785337828e+00 4.430521547371608193e+00 8.552073406384794296e+00 6.359408318575385799e+00
2.232000000000000000e+04 3.700001232621976666e+00 3.713746447521797389e+00 4.364039174493836271e+00 8.430012442190109923e+00 6.423749194524490669e+00
2.250000000000000000e+04 3.700001200787671696e+00 3.713652954755071178e+00 4.305562740703257951e+00 8.299821368443511815e+00 6.486250605413419912e+00
2.268000000000000000e+04 3.700001174930603653e+00 3.713564488783300810e+00 4.254276627422866497e+00 8.162291538314192962e+00 6.546832445951078938e+00
2.286000000000000000e+04 3.700001153676513166e+00 3.713480032387892482e+00 4.209413685583038855e+00 8.018309052428005401e+00 6.605415685300932260e+00
2.304000000000000000e+04 3.700001135971096478e+00 3.713398790990036780e+00 4.170260431002464685e+00 7.868833284308059284e+00 6.661921045148488929e+00
2.322000000000000000e+04 3.700001121004923288e+00 3.713320143676195784e+00 4.136159748578091211e+00 7.714874515539255739e+00 6.716267753062659551e+00
2.340000000000000000e+04 3.700001108156115492e+00 3.713243605026232963e+00 4.106511614698727719e+00 7.557471575113454243e+00 6.768372421147090812e+00
2.358000000000000000e+04 3.700001096946555545e+00 3.713168795356339924e+00 4.080772289984345491e+00 7.397670274725252071e+00 6.818148098531212398e+00
2.376000000000000000e+04 3.700001087008391032e+00 3.713095417517463304e+00 4.058452373314723971e+00 7.236503303318224667e+00 6.865503542631581801e+00
2.394000000000000000e+04 3.700001078058405835e+00 3.713023238801320680e+00 4.039114047341074709e+00 7.074972101563253624e+00 6.910342748346615771e+00
2.412000000000000000e+04 3.700001069878396720e+00 3.712952076826595782e+00 4.022367788115952081e+00 6.914031090572795968e+00 6.952564766595525469e+00
2.430000000000000000e+04 3.700001062300140031e+00 3.712881788527196303e+00 4.007868758900622552e+00 6.754574487664497973e+00 6.992063834169219838e+00
2.448000000000000000e+04 3.700001055193840482e+00 3.712812261558742222e+00 3.995313061562462575e+00 6.597425812058022032e+00 7.028729826134516578e+00
2.466000000000000000e+04 3.700001048459294672e+00 3.712743407590503253e+00 3.984433978601534143e+00 6.443330069684717110e+00 7.062449030513129777e+00
2.484000000000000000e+04 3.700001042019082309e+00 3.712675157067779619e+00 3.974998304664525417e+00 6.292948511599117722e+00 7.093105233186514091e+00
2.502000000000000000e+04 3.700001035813342831e+00 3.712607455121290645e+00 3.966802838055448976e+00 6.146855785946568673e+00 7.120581089513405182e+00
2.520000000000000000e+04 3.700001029795760843e+00 3.712540258371511026e+00 3.959671079708092734e+00 6.005539248857056478e+00 7.144759748524057485e+00
2.538000000000000000e+04 3.700001023930468591e+00 3.712473532431471934e+00 3.953450168731866832e+00 5.869400163763180522e+00 7.165526686256433742e+00
2.556000000000000000e+04 3.700001018189666091e+00 3.712407249954796651e+00 3.948008069342333393e+00 5.738756499518758325e+00 7.182771697224715091e+00
2.574000000000000000e+04 3.700001012551792368e+00 3.712341389109504952e+00 3.943231013117063810e+00 5.613847032919673907e+00 7.196390987459647448e+00
2.592000000000000000e+04 3.700001007000100373e+00 3.712275932384355492e+00 3.939021192494879031e+00 5.494836468191892642e+00 7.206289309218687933e+00
2.610000000000000000e+04 3.700001001521573407e+00 3.712210865654999026e+00 3.935294695736273773e+00 5.381821302094394355e+00 7.212382076401593345e+00
2.628000000000000000e+04 3.700000996106080020e+00 3.712146177453190532e+00 3.931979669722292403e+00 5.274836186000961824e+00 7.214597400878546729e+00
2.646000000000000000e+04 3.700000990745722529e+00 3.712081858394715717e+00 3.929014694590128531e+00 5.173860563422669756e+00 7.212877993196655346e+00
2.664000000000000000e+04 3.700000985434336087e+00 3.712017900731440445e+00 3.926347352949995262e+00 5.078825390955808317e+00 7.207182876242216096e+00
2.682000000000000000e+04 3.700000980167097442e+00 3.711954298000439412e+00 3.923932976020295893e+00 4.989619780955034223e+00 7.197488867097767695e+00
2.700000000000000000e+04 3.700000974940222065e+00 3.711891044749091595e+00 3.921733549229133864e+00 4.906097434034117022e+00 7.183791790196481841e+00
2.718000000000000000e+04 3.700000969750738999e+00 3.711828136319623717e+00 3.919716760476996686e+00 4.828082757793988655e+00 7.166107393567373585e+00
2.736000000000000000e+04 3.700000964596304787e+00 3.711765568680180039e+00 3.917855175193507566e+00 4.755376594261675471e+00 7.144471949105195563e+00
2.754000000000000000e+04 3.700000959475058693e+00 3.711703338292370535e+00 3.916125523438716005e+00 4.687761501935474584e+00 7.118942527023888189e+00
2.772000000000000000e+04 3.700000954385524121e+00 3.711641442007331815e+00 3.914508085511090751e+00 4.625006558820876634e+00 7.089596943627343606e+00
2.790000000000000000e+04 3.700000949326518462e+00 3.711579876984186566e+00 3.912986163767088410e+00 4.566871670329926580e+00 7.056533389962793557e+00
2.808000000000000000e+04 3.700000944297088701e+00 3.711518640626030319e+00 3.911545629584983974e+00 4.513111380456234834e+00 7.019869756566317065e+00
2.826000000000000000e+04 3.700000939296460789e+00 3.711457730529662324e+00 3.910174535586861122e+00 4.463478196380144425e+00 6.979742676178915417e+00
2.844000000000000000e+04 3.700000934324001456e+00 3.711397144446105578e+00 3.908862784346225361e+00 4.417725445822943797e+00 6.936306311873200237e+00
2.862000000000000000e+04 3.700000929379184456e+00 3.711336880249569425e+00 3.907601845841880639e+00 4.375609693317088045e+00 6.889730922407362179e+00
2.880000000000000000e+04 3.700000924461571472e+00 3.711276935913073061e+00 3.906384516865178291e+00 4.336892746375024643e+00 6.840201239790510535e+00
2.898000000000000000e+04 3.700000919570787250e+00 3.711217309489257765e+00 3.905204716445408231e+00 4.301343285611174849e+00 6.787914696020902916e+00
2.916000000000000000e+04 3.700000914706511601e+00 3.711157999095308302e+00 3.904057312128546897e+00 4.268738154481924951e+00 6.733079536806575227e+00
2.934000000000000000e+04 3.700000909868463861e+00 3.711099002901068200e+00 3.902937972631320029e+00 4.238863344723365678e+00 6.675912859886885542e+00
2.952000000000000000e+04 3.700000905056393563e+00 3.711040319119690345e+00 3.901843043000599032e+00 4.211514713029568924e+00 6.616638614459318113e+00
2.970000000000000000e+04 3.700000900270080884e+00 3.710981946000280196e+00 3.900769438943529011e+00 4.186498463244740620e+00 6.555485596309088336e+00
2.988000000000000000e+04 3.700000895509321097e+00 3.710923881822074666e+00 3.899714557462780284e+00 4.163631426531486213e+00 6.492685470680970461e+00
3.006000000000000000e+04 3.700000890773925022e+00 3.710866124889863560e+00 3.898676201340244507e+00 4.142741169789871059e+00 6.428470851866295632e+00
3.024000000000000000e+04 3.700000886063719019e+00 3.710808673530379576e+00 3.897652515367722614e+00 4.123665960175476819e+00 6.363073465043994403e+00
3.042000000000000000e+04 3.700000881378537887e+00 3.710751526089433039e+00 3.896641932530578334e+00 4.106254611013297584e+00 6.296722412246658074e+00
3.060000000000000000e+04 3.700000876718221754e+00 3.710694680929648381e+00 3.895643128615559281e+00 4.090366231819469789e+00 6.229642560543511287e+00
3.078000000000000000e+04 3.700000872082618297e+00 3.710638136428678013e+00 3.894654983942131832e+00 4.075869902595513850e+00 6.162053066751963293e+00
3.096000000000000000e+04 3.700000867471585408e+00 3.710581890977777686e+00 3.893676551112450479e+00 4.062644290104511668e+00 6.094166049302427446e+00
3.114000000000000000e+04 3.700000862884977870e+00 3.710525942980671399e+00 3.892707027842597700e+00 4.050577221514409132e+00 6.026185414367115634e+00
3.132000000000000000e+04 3.700000858322656239e+00 3.710470290852658781e+00 3.891745734080921171e+00 4.039565228626830873e+00 5.958305840085582616e+00
3.150000000000000000e+04 3.700000853784486399e+00 3.710414933019892558e+00 3.890792092741263364e+00 4.029513073917629029e+00 5.890711919726055790e+00
3.168000000000000000e+04 3.700000849270335124e+00 3.710359867918802124e+00 3.889845613482707520e+00 4.020333267804800492e+00 5.823577461945983025e+00
3.186000000000000000e+04 3.700000844780069631e+00 3.710305093995627246e+00 3.888905879055735149e+00 4.011945584933063635e+00 5.757064943977734828e+00
3.204000000000000000e+04 3.700000840313558914e+00 3.710250609706044145e+00 3.887972533809529452e+00 4.004276585818072220e+00 5.691325111575456397e+00
3.222000000000000000e+04 3.700000835870675964e+00 3.710196413514855962e+00 3.887045274018542163e+00 3.997259148919970251e+00 5.626496717914511336e+00
3.240000000000000000e+04 3.700000831451293770e+00 3.710142503895756949e+00 3.886123839740215580e+00 3.990832017106189955e+00 5.562706392326755456e+00
3.258000000000000000e+04 3.700000827055285768e+00 3.710088879331104650e+00 3.885208007961043375e+00 3.984939361505034139e+00 5.500068628765680145e+00
3.276000000000000000e+04 3.700000822682526280e+00 3.710035538311762249e+00 3.884297586826561677e+00 3.979530364932668540e+00 5.438685883203906890e+00
3.294000000000000000e+04 3.700000818332892294e+00 3.709982479336955130e+00 3.883392410783182758e+00 3.974558826383115751e+00 5.378648768745291520e+00
3.312000000000000000e+04 3.700000814006259908e+00 3.709929700914137207e+00 3.882492336487055606e+00 3.969982787491311171e+00 5.320036337057155507e+00
3.330000000000000000e+04 3.700000809702508331e+00 3.709877201558895887e+00 3.881597239358174356e+00 3.965764181400069255e+00 5.262916434765044116e+00
3.348000000000000000e+04 3.700000805421512773e+00 3.709824979794855704e+00 3.880707010677256097e+00 3.961868504071395236e+00 5.207346123672841998e+00
3.366000000000000000e+04 3.700000801163154662e+00 3.709773034153593940e+00 3.879821555139284950e+00 3.958264507769124751e+00 5.153372154045696263e+00
3.384000000000000000e+04 3.700000796927314095e+00 3.709721363174571795e+00 3.878940788791256811e+00 3.954923916193558320e+00 5.101031480693339226e+00
3.402000000000000000e+04 3.700000792713871167e+00 3.709669965405065994e+00 3.878064637293255235e+00 3.951821160559370050e+00 5.050351812190427836e+00
3.420000000000000000e+04 3.700000788522708195e+00 3.709618839400113721e+00 3.877193034451678511e+00 3.948933135767622726e+00 5.001352184243368804e+00
3.438000000000000000e+04 3.700000784353706607e+00 3.709567983722446005e+00 3.876325920981553708e+00 3.946238975723013187e+00 4.954043548937694830e+00
3.456000000000000000e+04 3.700000780206749162e+00 3.709517396942444645e+00 3.875463243461770180e+00 3.943719846781941651e+00 4.908429372355590736e+00
3.474000000000000000e+04 3.700000776081717735e+00 3.709467077638087584e+00 3.874604953452811529e+00 3.941358758279572605e+00 4.864506233822791792e+00
3.492000000000000000e+04 3.700000771978498193e+00 3.709417024394900952e+00 3.873751006751390502e+00 3.939140389069454073e+00 4.822264420811898766e+00
3.510000000000000000e+04 3.700000767896974629e+00 3.709367235805913765e+00 3.872901362760475141e+00 3.937050929012966272e+00 4.781688514282892655e+00
3.528000000000000000e+04 3.700000763837030249e+00 3.709317710471612628e+00 3.872055983956588676e+00 3.935077934374107134e+00 4.742757959970488102e+00
3.546000000000000000e+04 3.700000759798554473e+00 3.709268446999903102e+00 3.871214835439171775e+00 3.933210196104339751e+00 4.705447621823663162e+00
3.564000000000000000e+04 3.700000755781431838e+00 3.709219444006063515e+00 3.870377884549163205e+00 3.931437620039953895e+00 4.669728314458738261e+00
3.582000000000000000e+04 3.700000751785550879e+00 3.709170700112698338e+00 3.869545100546012417e+00 3.929751118077998484e+00 4.635567312099064807e+00
3.600000000000000000e+04 3.700000747810796575e+00 3.709122213949711977e+00 3.868716454334044652e+00 3.928142509444612518e+00 4.602928832038420737e+00
3.618000000000000000e+04 3.700000743857059238e+00 3.709073984154251935e+00 3.867891918230488724e+00 3.926604431219752556e+00 4.571774491180098821e+00
3.636000000000000000e+04 3.700000739924226512e+00 3.709026009370682164e+00 3.867071465768752159e+00 3.925130257333774519e+00 4.542063734668336572e+00
3.654000000000000000e+04 3.700000736012188707e+00 3.708978288250537769e+00 3.866255071531468968e+00 3.923714025302920128e+00 4.513754236043777013e+00
3.672000000000000000e+04 3.700000732120836133e+00 3.708930819452489480e+00 3.865442711008742815e+00 3.922350370021685517e+00 4.486802268721195475e+00
3.690000000000000000e+04 3.700000728250059101e+00 3.708883601642297023e+00 3.864634360477730901e+00 3.921034463979782281e+00 4.461163048907277329e+00
3.708000000000000000e+04 3.700000724399748808e+00 3.708836633492786028e+00 3.863829996900263186e+00 3.919761963319408071e+00 4.436791050351391874e+00
3.726000000000000000e+04 3.700000720569795121e+00 3.708789913683796513e+00 3.863029597835763607e+00 3.918528959194338412e+00 4.413640291555471329e+00
3.744000000000000000e+04 3.700000716760093233e+00 3.708743440902152688e+00 3.862233141367146239e+00 3.917331933936121224e+00 4.391664596263218812e+00
3.762000000000000000e+04 3.700000712970534789e+00 3.708697213841624318e+00 3.861440606037684908e+00 3.916167721573696081e+00 4.370817828207173683e+00
3.780000000000000000e+04 3.700000709201013649e+00 3.708651231202889420e+00 3.860651970797220223e+00 3.915033472291506111e+00 4.351054101217433079e+00
3.798000000000000000e+04 3.700000705451422789e+00 3.708605491693497402e+00 3.859867214956283377e+00 3.913926620447188753e+00 4.332327965891693999e+00
3.816000000000000000e+04 3.700000701721658292e+00 3.708559994027831319e+00 3.859086318146940808e+00 3.912844855803655708e+00 4.314594574095378832e+00
3.834000000000000000e+04 3.700000698011614464e+00 3.708514736927073674e+00 3.858309260289337406e+00 3.911786097661375194e+00 4.297809822606303953e+00
3.852000000000000000e+04 3.700000694321187389e+00 3.708469719119170449e+00 3.857536021563121587e+00 3.910748471605552279e+00 4.281930477243419020e+00
3.870000000000000000e+04 3.700000690650271373e+00 3.708424939338796911e+00 3.856766582382976427e+00 3.909730288609308158e+00 4.266914278826116735e+00
3.888000000000000000e+04 3.700000686998766497e+00 3.708380396327317641e+00 3.856000923377678635e+00 3.908730026258390389e+00 4.252720032302520714e+00
3.906000000000000000e+04 3.700000683366568843e+00 3.708336088832751454e+00 3.855239025372145800e+00 3.907746311885116342e+00 4.239307680363844533e+00
3.924000000000000000e+04 3.700000679753575827e+00 3.708292015609739867e+00 3.854480869372031382e+00 3.906777907419763274e+00 4.226638362829889140e+00
3.942000000000000000e+04 3.700000676159686197e+00 3.708248175419508463e+00 3.853726436550486856e+00 3.905823695786081462e+00 4.214674463049993491e+00
3.960000000000000000e+04 3.700000672584798700e+00 3.708204567029834919e+00 3.852975708236791252e+00 3.904882668684661606e+00 4.203379642515752579e+00
3.978000000000000000e+04 3.700000669028814304e+00 3.708161189215015696e+00 3.852228665906543892e+00 3.903953915623193716e+00 4.192718864828735903e+00
3.996000000000000000e+04 3.700000665491631757e+00 3.708118040755825628e+00 3.851485291173216474e+00 3.903036614066651921e+00 4.182658410108949454e+00
4.014000000000000000e+04 3.700000661973149807e+00 3.708075120439486838e+00 3.850745565780853141e+00 3.902130020593097548e+00 4.173165880869917466e+00
4.032000000000000000e+04 3.700000658473272974e+00 3.708032427059636760e+00 3.850009471597753308e+00 3.901233462952276465e+00 4.164210200324531819e+00
4.050000000000000000e+04 3.700000654991900895e+00 3.707989959416289505e+00 3.849276990611002702e+00 3.900346332934521154e+00 4.155761604023370914e+00
4.068000000000000000e+04 3.700000651528936313e+00 3.707947716315810105e+00 3.848548104921713175e+00 3.899468079966841305e+00 4.147791625664911663e+00
4.086000000000000000e+04 3.700000648084283306e+00 3.707905696570869214e+00 3.847822796740887341e+00 3.898598205361557323e+00 4.140273077855423978e+00
4.104000000000000000e+04 3.700000644657841509e+00 3.707863899000422236e+00 3.847101048385809019e+00 3.897736257150371308e+00 4.133180028536101780e+00
4.122000000000000000e+04 3.700000641249516775e+00 3.707822322429665807e+00 3.846382842276881764e+00 3.896881825443756497e+00 4.126487773736375431e+00
4.140000000000000000e+04 3.700000637859212294e+00 3.707780965690008923e+00 3.845668160934853308e+00 3.896034538261568869e+00 4.120172807256039071e+00
4.158000000000000000e+04 3.700000634486835693e+00 3.707739827619044526e+00 3.844956986978383284e+00 3.895194057786470765e+00 4.114212787824639506e+00
4.176000000000000000e+04 3.700000631132288831e+00 3.707698907060505089e+00 3.844249303121881844e+00 3.894360076996644882e+00 4.108586504235331560e+00
4.194000000000000000e+04 3.700000627795479780e+00 3.707658202864244856e+00 3.843545092173600519e+00 3.893532316638863566e+00 4.103273838901518644e+00
4.212000000000000000e+04 3.700000624476313948e+00 3.707617713886196764e+00 3.842844337033929580e+00 3.892710522506892978e+00 4.098255730238865802e+00
4.230000000000000000e+04 3.700000621174695858e+00 3.707577438988345353e+00 3.842147020693889026e+00 3.891894462993942039e+00 4.093514134232163038e+00
4.248000000000000000e+04 3.700000617890535803e+00 3.707537377038690796e+00 3.841453126233751458e+00 3.891083926890990696e+00 4.089031985506482947e+00
4.266000000000000000e+04 3.700000614623740525e+00 3.707497526911223140e+00 3.840762636821817289e+00 3.890278721405889151e+00 4.084793158184682582e+00
4.284000000000000000e+04 3.700000611374218096e+00 3.707457887485881010e+00 3.840075535713301402e+00 3.889478670380563941e+00 4.080782426778897687e+00
4.302000000000000000e+04 3.700000608141877922e+00 3.707418457648531174e+00 3.839391806249317973e+00 3.888683612686143487e+00 4.076985427331766054e+00
4.320000000000000000e+04 3.700000604926628522e+00 3.707379236290930802e+00 3.838711431855943434e+00 3.887893400777822084e+00 4.073388618994002286e+00
4.338000000000000000e+04 3.700000601728377969e+00 3.707340222310693267e+00 3.838034396043370489e+00 3.887107899393226429e+00 4.069979246198215606e+00
4.356000000000000000e+04 3.700000598547037889e+00 3.707301414611270385e+00 3.837360682405117629e+00 3.886326984379654625e+00 4.066745301564588466e+00
4.374000000000000000e+04 3.700000595382518132e+00 3.707262812101904448e+00 3.836690274617278629e+00 3.885550541637175836e+00 4.063675489651913608e+00
4.392000000000000000e+04 3.700000592234730323e+00 3.707224413697609577e+00 3.836023156437853743e+00 3.884778466165793809e+00 4.060759191647631106e+00
4.410000000000000000e+04 3.700000589103586979e+00 3.707186218319137083e+00 3.835359311706090235e+00 3.884010661206205306e+00 4.057986431072547084e+00
4.428000000000000000e+04 3.700000585988997504e+00 3.707148224892943045e+00 3.834698724341874421e+00 3.883247037464705453e+00 4.055347840559847761e+00
4.446000000000000000e+04 3.700000582890877521e+00 3.707110432351162999e+00 3.834041378345157902e+00 3.882487512413771658e+00 4.052834629753682805e+00
4.464000000000000000e+04 3.700000579809139545e+00 3.707072839631580408e+00 3.833387257795405123e+00 3.881732009660757932e+00 4.050438554359937271e+00
4.482000000000000000e+04 3.700000576743693870e+00 3.707035445677593355e+00 3.832736346851060905e+00 3.880980458377845110e+00 4.048151886370475516e+00
4.500000000000000000e+04 3.700000573694457451e+00 3.706998249438187010e+00 3.832088629749053954e+00 3.880232792787167373e+00 4.045967385472343025e+00
4.518000000000000000e+04 3.700000570661342358e+00 3.706961249867904762e+00 3.831444090804294600e+00 3.879488951695618582e+00 4.043878271644775424e+00
4.536000000000000000e+04 3.700000567644264216e+00 3.706924445926822465e+00 3.830802714409218268e+00 3.878748878074376183e+00 4.041878198939379274e+00
4.554000000000000000e+04 3.700000564643139089e+00 3.706887836580508022e+00 3.830164485033320521e+00 3.878012518678759513e+00 4.039961230432425943e+00
4.572000000000000000e+04 3.700000561657882603e+00 3.706851420800005847e+00 3.829529387222709857e+00 3.877279823704403938e+00 4.038121814332707338e+00
4.590000000000000000e+04 3.700000558688409935e+00 3.706815197561798225e+00 3.828897405599676951e+00 3.876550746476199460e+00 4.036354761223729604e+00
4.608000000000000000e+04 3.700000555734635377e+00 3.706779165847780000e+00 3.828268524862268318e+00 3.875825243166768352e+00 4.034655222415238107e+00
4.626000000000000000e+04 3.700000552796481657e+00 3.706743324645231930e+00 3.827642729783876874e+00 3.875103272541587707e+00 4.033018669375777243e+00
4.644000000000000000e+04 3.700000549873861289e+00 3.706707672946788712e+00 3.827020005212823150e+00 3.874384795728167852e+00 4.031440874215491021e+00
4.662000000000000000e+04 3.700000546966695225e+00 3.706672209750410563e+00 3.826400336071967612e+00 3.873669776006938292e+00 4.029917891186327594e+00
4.680000000000000000e+04 3.700000544074899533e+00 3.706636934059357902e+00 3.825783707358303420e+00 3.872958178621733083e+00 4.028446039165307191e+00
4.698000000000000000e+04 3.700000541198393833e+00 3.706601844882161600e+00 3.825170104142579408e+00 3.872249970607994918e+00 4.027021885085323660e+00
4.716000000000000000e+04 3.700000538337097300e+00 3.706566941232599000e+00 3.824559511568907944e+00 3.871545120636968651e+00 4.025642228277380497e+00
4.734000000000000000e+04 3.700000535490928666e+00 3.706532222129656162e+00 3.823951914854391010e+00 3.870843598874381897e+00 4.024304085687525401e+00
4.752000000000000000e+04 3.700000532659809327e+00 3.706497686597510555e+00 3.823347299288742285e+00 3.870145376852172969e+00 4.023004677931917961e+00
4.770000000000000000e+04 3.700000529843658903e+00 3.706463333665499960e+00 3.822745650233922099e+00 3.869450427352080446e+00 4.021741416153312265e+00
4.788000000000000000e+04 3.700000527042398346e+00 3.706429162368095387e+00 3.822146953123766178e+00 3.868758724299911300e+00 4.020511889642779835e+00
4.806000000000000000e+04 3.700000524255948608e+00 3.706395171744868211e+00 3.821551193463619267e+00 3.868070242669519043e+00 4.019313854190954771e+00
4.824000000000000000e+04 3.700000521484232419e+00 3.706361360840479069e+00 3.820958356829985192e+00 3.867384958395534422e+00 4.018145221133660350e+00
4.842000000000000000e+04 3.700000518727169840e+00 3.706327728704629010e+00 3.820368428870162258e+00 3.866702848294052419e+00 4.017004047057752381e+00
4.860000000000000000e+04 3.700000515984684935e+00 3.706294274392055499e+00 3.819781395301887539e+00 3.866023889990520157e+00 4.015888524133724324e+00
4.878000000000000000e+04 3.700000513256700874e+00 3.706260996962485343e+00 3.819197241912993146e+00 3.865348061854134709e+00 4.014796971042688511e+00
4.896000000000000000e+04 3.700000510543140386e+00 3.706227895480621815e+00 3.818615954561050074e+00 3.864675342938160174e+00 4.013727824466409189e+00
4.914000000000000000e+04 3.700000507843927977e+00 3.706194969016112228e+00 3.818037519173025363e+00 3.864005712925618674e+00 4.012679631110041889e+00
4.932000000000000000e+04 3.700000505158987707e+00 3.706162216643524854e+00 3.817461921744933484e+00 3.863339152079831251e+00 4.011651040228467302e+00
4.950000000000000000e+04 3.700000502488241860e+00 3.706129637442321378e+00 3.816889148341500171e+00 3.862675641199374343e+00 4.010640796628161198e+00
4.968000000000000000e+04 3.700000499831617162e+00 3.706097230496831152e+00 3.816319185095820021e+00 3.862015161577054823e+00 4.009647734117726792e+00
4.986000000000000000e+04 3.700000497189039006e+00 3.706064994896227649e+00 3.815752018209018104e+00 3.861357694962517684e+00 4.008670769381407872e+00
5.004000000000000000e+04 3.700000494560432784e+00 3.706032929734495163e+00 3.815187633949911561e+00 3.860703223528148875e+00 4.007708896250931296e+00
5.022000000000000000e+04 3.700000491945725223e+00 3.706001034110418146e+00 3.814626018654681427e+00 3.860051729838001044e+00 4.006761180352285123e+00
5.040000000000000000e+04 3.700000489344841714e+00 3.705969307127536805e+00 3.814067158726539564e+00 3.859403196819426451e+00 4.005826754105105358e+00
5.058000000000000000e+04 3.700000486757711204e+00 3.705937747894138212e+00 3.813511040635396032e+00 3.858757607737203443e+00 4.004904812053382557e+00
5.076000000000000000e+04 3.700000484184259086e+00 3.705906355523225226e+00 3.812957650917531360e+00 3.858114946169912685e+00 4.003994606507382592e+00
5.094000000000000000e+04 3.700000481624413418e+00 3.705875129132484513e+00 3.812406976175271467e+00 3.857475195988369077e+00 4.003095443477596049e+00
5.112000000000000000e+04 3.700000479078103144e+00 3.705844067844272782e+00 3.811859003076663033e+00 3.856838341335917963e+00 4.002206678882608060e+00
5.130000000000000000e+04 3.700000476545255435e+00 3.705813170785592359e+00 3.811313718355149316e+00 3.856204366610432199e+00 4.001327715013735187e+00
5.148000000000000000e+04 3.700000474025798347e+00 3.705782437088054326e+00 3.810771108809249963e+00 3.855573256447850650e+00 4.000457997240210339e+00
5.166000000000000000e+04 3.700000471519663492e+00 3.705751865887865204e+00 3.810231161302243041e+00 3.854944995707131561e+00 3.999597010939562214e+00
5.184000000000000000e+04 3.700000469026779371e+00 3.705721456325798968e+00 3.809693862761844851e+00 3.854319569456488459e+00 3.998744278638797223e+00
5.202000000000000000e+04 3.700000466547076261e+00 3.705691207547173516e+00 3.809159200179892846e+00 3.853696962960778460e+00 3.997899357352687755e+00
5.220000000000000000e+04 3.700000464080483997e+00 3.705661118701824908e+00 3.808627160612035656e+00 3.853077161669992368e+00 3.997061836106397426e+00
5.238000000000000000e+04 3.700000461626932413e+00 3.705631188944087384e+00 3.808097731177416900e+00 3.852460151208669803e+00 3.996231333630293925e+00
5.256000000000000000e+04 3.700000459186353119e+00 3.705601417432764499e+00 3.807570899058363878e+00 3.851845917366237160e+00 3.995407496215675369e+00
5.274000000000000000e+04 3.700000456758678613e+00 3.705571803331108249e+00 3.807046651500075818e+00 3.851234446088132035e+00 3.994589995720636999e+00
5.292000000000000000e+04 3.700000454343839174e+00 3.705542345806796867e+00 3.806524975810322342e+00 3.850625723467671513e+00 3.993778527716136395e+00
5.310000000000000000e+04 3.700000451941769519e+00 3.705513044031912173e+00 3.806005859359132604e+00 3.850019735738590576e+00 3.992972809762805664e+00
5.328000000000000000e+04 3.700000449552397708e+00 3.705483897182907160e+00 3.805489289578485312e+00 3.849416469268197805e+00 3.992172579809698529e+00
5.346000000000000000e+04 3.700000447175659790e+00 3.705454904440593555e+00 3.804975253962016524e+00 3.848815910551082187e+00 3.991377594706704279e+00
5.364000000000000000e+04 3.700000444811488709e+00 3.705426064990116508e+00 3.804463740064707888e+00 3.848218046203342624e+00 3.990587628822871213e+00
5.382000000000000000e+04 3.700000442459817407e+00 3.705397378020929278e+00 3.803954735502588669e+00 3.847622862957276624e+00 3.989802472763415153e+00
5.400000000000000000e+04 3.700000440120579714e+00 3.705368842726767031e+00 3.803448227952440419e+00 3.847030347656499316e+00 3.989021932178582919e+00
5.418000000000000000e+04 3.700000437793709906e+00 3.705340458305633078e+00 3.802944205151493229e+00 3.846440487251443496e+00 3.988245826658068705e+00
5.436000000000000000e+04 3.700000435479144034e+00 3.705312223959773554e+00 3.802442654897133956e+00 3.845853268795230484e+00 3.987473988705020567e+00
5.454000000000000000e+04 3.700000433176815484e+00 3.705284138895646784e+00 3.801943565046611795e+00 3.845268679439867388e+00 3.986706262784111221e+00
5.472000000000000000e+04 3.700000430886660752e+00 3.705256202323913062e+00 3.801446923516743848e+00 3.844686706432713930e+00 3.985942504438492406e+00
5.490000000000000000e+04 3.700000428608614111e+00 3.705228413459401793e+00 3.800952718283619358e+00 3.844107337113259248e+00 3.985182579470767816e+00
5.508000000000000000e+04 3.700000426342612503e+00 3.705200771521099945e+00 3.800460937382316384e+00 3.843530558910123407e+00 3.984426363183556585e+00
5.526000000000000000e+04 3.700000424088590645e+00 3.705173275732116966e+00 3.799971568906612696e+00 3.842956359338296934e+00 3.983673739675340553e+00
5.544000000000000000e+04 3.700000421846486365e+00 3.705145925319678568e+00 3.799484601008692675e+00 3.842384725996585981e+00 3.982924601187749492e+00
5.562000000000000000e+04 3.700000419616236158e+00 3.705118719515090309e+00 3.799000021898858659e+00 3.841815646565248432e+00 3.982178847500582819e+00
5.580000000000000000e+04 3.700000417397777852e+00 3.705091657553725160e+00 3.798517819845262267e+00 3.841249108803804990e+00 3.981436385371214470e+00
5.598000000000000000e+04 3.700000415191051495e+00 3.705064738675002189e+00 3.798037983173603749e+00 3.840685100549017239e+00 3.980697128015122654e+00
5.616000000000000000e+04 3.700000412995990473e+00 3.705037962122358142e+00 3.797560500266859318e+00 3.840123609712990937e+00 3.979960994624704096e+00
5.634000000000000000e+04 3.700000410812536167e+00 3.705011327143232780e+00 3.797085359564997820e+00 3.839564624281452954e+00 3.979227909923497286e+00
5.652000000000000000e+04 3.700000408640625515e+00 3.704984832989042687e+00 3.796612549564704953e+00 3.839008132312101029e+00 3.978497803753380690e+00
5.670000000000000000e+04 3.700000406480199455e+00 3.704958478915167053e+00 3.796142058819094167e+00 3.838454121933111640e+00 3.977770610692278552e+00
