0.000000000000000000e+00 3.700000000000000178e+00 3.700000000000002398e+00 3.700000000000001066e+00 3.700000000000003286e+00 3.700000000000003730e+00
1.800000000000000000e+02 3.700000000000000178e+00 3.700000000022780622e+00 3.700000000000001954e+00 3.700000000000006395e+00 3.700000000000007283e+00
3.600000000000000000e+02 3.700000000000000178e+00 3.700000000855316884e+00 3.700000000000002842e+00 3.700000000000009504e+00 3.700000000000010836e+00
5.400000000000000000e+02 3.700000000000000178e+00 3.700000014873709553e+00 3.700000000000003730e+00 3.700000000000012612e+00 3.700000000000014388e+00
7.200000000000000000e+02 3.700000000000000178e+00 3.700000160629050239e+00 3.700000000000004619e+00 3.700000000000015721e+00 3.700000000000017941e+00
9.000000000000000000e+02 3.700000000000000178e+00 3.700001218888918419e+00 3.700000000000005507e+00 3.700000000000018829e+00 3.700000000000021494e+00
1.080000000000000000e+03 3.700000000000000178e+00 3.700006971988329951e+00 3.700000000000006395e+00 3.700000000000021938e+00 3.700000000000025047e+00
1.260000000000000000e+03 3.700000000000000178e+00 3.700031499044846406e+00 3.700000000000009948e+00 3.700000000000025047e+00 3.700000000000028599e+00
1.440000000000000000e+03 3.700000000000000178e+00 3.700116333671415791e+00 3.700000000000028599e+00 3.700000000000028155e+00 3.700000000000032152e+00
1.620000000000000000e+03 3.700000000000000178e+00 3.700360869687902010e+00 3.700000000000164047e+00 3.700000000000030820e+00 3.700000000000035705e+00
1.800000000000000000e+03 3.700000000000000178e+00 3.700961621964746762e+00 3.700000000001043787e+00 3.700000000000033484e+00 3.700000000000039257e+00
1.980000000000000000e+03 3.700000000000000178e+00 3.702244295499825366e+00 3.700000000006054002e+00 3.700000000000036149e+00 3.700000000000042810e+00
2.160000000000000000e+03 3.700000000000000178e+00 3.704666536784946285e+00 3.700000000031438585e+00 3.700000000000038813e+00 3.700000000000046363e+00
2.340000000000000000e+03 3.700000000000000178e+00 3.708777588870954212e+00 3.700000000146844492e+00 3.700000000000041478e+00 3.700000000000049916e+00
2.520000000000000000e+03 3.700000000000000178e+00 3.715141423707732926e+00 3.700000000621202823e+00 3.700000000000044142e+00 3.700000000000053468e+00
2.700000000000000000e+03 3.700000000000000178e+00 3.724248483294307466e+00 3.700000002395926746e+00 3.700000000000046807e+00 3.700000000000057021e+00
2.880000000000000000e+03 3.700000000000000178e+00 3.736445189597509486e+00 3.700000008475966329e+00 3.700000000000049916e+00 3.700000000000060574e+00
3.060000000000000000e+03 3.700000000000000178e+00 3.751899270841388301e+00 3.700000027652707413e+00 3.700000000000058353e+00 3.700000000000064126e+00
3.240000000000000000e+03 3.700000000000000178e+00 3.770602418340795570e+00 3.700000083611038271e+00 3.700000000000088107e+00 3.700000000000067679e+00
3.420000000000000000e+03 3.700000000000000178e+00 3.792399838465700057e+00 3.700000235362329803e+00 3.700000000000202238e+00 3.700000000000071232e+00
3.600000000000000000e+03 3.700000000000000178e+00 3.817032495901197642e+00 3.700000619416473402e+00 3.700000000000629452e+00 3.700000000000074785e+00
3.780000000000000000e+03 3.700000000000000178e+00 3.844180177329236336e+00 3.700001530047855702e+00 3.700000000002146905e+00 3.700000000000078337e+00
3.960000000000000000e+03 3.700000000000000178e+00 3.873498174597436172e+00 3.700003560451810447e+00 3.700000000007233947e+00 3.700000000000081890e+00
4.140000000000000000e+03 3.700000000000000178e+00 3.904644699423869714e+00 3.700007832420454612e+00 3.700000000023364599e+00 3.700000000000084999e+00
4.320000000000000000e+03 3.700000000000000178e+00 3.937299032254517162e+00 3.700016342295670224e+00 3.700000000071809403e+00 3.700000000000088107e+00
4.500000000000000000e+03 3.700000000000000178e+00 3.971171880085533346e+00 3.700032443103403956e+00 3.700000000209964668e+00 3.700000000000091216e+00
4.680000000000000000e+03 3.700000000000000178e+00 4.006009888026938803e+00 3.700061464843471093e+00 3.700000000584873217e+00 3.700000000000094325e+00
4.860000000000000000e+03 3.700000000000000178e+00 4.041596156556952479e+00 3.700111447460839642e+00 3.700000001554999418e+00 3.700000000000097433e+00
5.040000000000000000e+03 3.700000000000000178e+00 4.077748280875745479e+00 3.700193928116624065e+00 3.700000003953491934e+00 3.700000000000100986e+00
5.220000000000000000e+03 3.700000000000000178e+00 4.114315039673413388e+00 3.700324693175232049e+00 3.700000009629871300e+00 3.700000000000105871e+00
5.400000000000000000e+03 3.700000000000000178e+00 4.151172510159028661e+00 3.700524384343576667e+00 3.700000022512725639e+00 3.700000000000115641e+00
5.580000000000000000e+03 3.700000000000000178e+00 4.188220107497587108e+00 3.700818844899196325e+00 3.700000050599937307e+00 3.700000000000137401e+00
5.760000000000000000e+03 3.700000000000000178e+00 4.225376842307488445e+00 3.701239109464244059e+00 3.700000109522212810e+00 3.700000000000195133e+00
5.940000000000000000e+03 3.700000000000000178e+00 4.262577948874822553e+00 3.701820977777189547e+00 3.700000228650497824e+00 3.700000000000349232e+00
6.120000000000000000e+03 3.700000000000000178e+00 4.299771944884193786e+00 3.702604163035313700e+00 3.700000461127132656e+00 3.700000000000748912e+00
6.300000000000000000e+03 3.700000000000000178e+00 4.336918127193347239e+00 3.703631059226673017e+00 3.700000899671406884e+00 3.700000000001763212e+00
6.480000000000000000e+03 3.700000000000000178e+00 4.373984476381739483e+00 3.704945219528078759e+00 3.700001700492778767e+00 3.700000000004251444e+00
6.660000000000000000e+03 3.700000000000000178e+00 4.410945927086193485e+00 3.706589671319774570e+00 3.700003118058707852e+00 3.700000000010178258e+00
6.840000000000000000e+03 3.700000000000000178e+00 4.447782955491772050e+00 3.708605208186081637e+00 3.700005553701761762e+00 3.700000000023865976e+00
7.020000000000000000e+03 3.700000000000000178e+00 4.484480435654342401e+00 3.711028794957218047e+00 3.700009620990812653e+00 3.700000000054563198e+00
7.200000000000000000e+03 3.700000000000000178e+00 4.521026719875313127e+00 3.713892201351502553e+00 3.700016230318815769e+00 3.700000000121466126e+00
7.380000000000000000e+03 3.700000000000000178e+00 4.557412903399808535e+00 3.717220948262519364e+00 3.700026694192154242e+00 3.700000000263293121e+00
7.560000000000000000e+03 3.700000000000000178e+00 4.593632239218861990e+00 3.721033614162316816e+00 3.700042853219835504e+00 3.700000000555990098e+00
7.740000000000000000e+03 3.700000000000000178e+00 4.629679674121026878e+00 3.725341512988443515e+00 3.700067220849829308e+00 3.700000001144579276e+00
7.920000000000000000e+03 3.700000000000000178e+00 4.665551482046097043e+00 3.730148723525567256e+00 3.700103142625992714e+00 3.700000002298838186e+00
8.100000000000000000e+03 3.700000000000000178e+00 4.701244975107162105e+00 3.735452426335893250e+00 3.700154963362761507e+00 3.700000004508082529e+00
8.280000000000000000e+03 3.700000000000000178e+00 4.736758276337103446e+00 3.741243488794127714e+00 3.700228193430633361e+00 3.700000008638324012e+00
8.460000000000000000e+03 3.700000000000000178e+00 4.772090141310895817e+00 3.747507231486190804e+00 3.700329663604761343e+00 3.700000016186303586e+00
8.640000000000000000e+03 3.700000000000000178e+00 4.807239818352594618e+00 3.754224308971229274e+00 3.700467656916651915e+00 3.700000029679989311e+00
8.820000000000000000e+03 3.700000000000000178e+00 4.842206939126024068e+00 3.761371643028716960e+00 3.700652005860116223e+00 3.700000053294937974e+00
9.000000000000000000e+03 3.700000000000000178e+00 4.876991433100934081e+00 3.768923355225089811e+00 3.700894144232562688e+00 3.700000093780700272e+00
9.180000000000000000e+03 3.700000000000000178e+00 4.911593460747157636e+00 3.776851656267833590e+00 3.701207104818120985e+00 3.700000161821573208e+00
9.360000000000000000e+03 3.700000000000000178e+00 4.946013361397382901e+00 3.785127660778544900e+00 3.701605456900769475e+00 3.700000273990968758e+00
9.540000000000000000e+03 3.700000000000000178e+00 4.980251612584593701e+00 3.793722106765887947e+00 3.702105180997301570e+00 3.700000455497465701e+00
9.720000000000000000e+03 3.700000000000000178e+00 5.014308798346537976e+00 3.802605968519972013e+00 3.702723481919292681e+00 3.700000743961376681e+00
9.900000000000000000e+03 3.700000000000000178e+00 5.048185584531475811e+00 3.811750959497012481e+00 3.703478544981202880e+00 3.700001194500713630e+00
1.008000000000000000e+04 3.700000000000000178e+00 5.081882699566247830e+00 3.821129927881894872e+00 3.704389243553167788e+00 3.700001886440962284e+00
1.026000000000000000e+04 3.700000000000000178e+00 5.115400919483749753e+00 3.830717151952973243e+00 3.705474808943183707e+00 3.700002931990125088e+00
1.044000000000000000e+04 3.700000000000000178e+00 5.148741056269970251e+00 3.840488545293584188e+00 3.706754475589035813e+00 3.700004487233698125e+00
1.062000000000000000e+04 3.700000000000000178e+00 5.181903948797152104e+00 3.850421783529944797e+00 3.708247115636218894e+00 3.700006765799313424e+00
1.080000000000000000e+04 3.700000000000000178e+00 5.214890455771151956e+00 3.860496364881371267e+00 3.709970877152779067e+00 3.700010055512541030e+00
1.098000000000000000e+04 3.700000000000000178e+00 5.247701450247030941e+00 3.870693616637557177e+00 3.711942839544427386e+00 3.700014738310738238e+00
1.116000000000000000e+04 3.700000000000000178e+00 5.280337815365543364e+00 3.880996658958323575e+00 3.714178698306041415e+00 3.700021313598020889e+00
1.134000000000000000e+04 3.700000000000000178e+00 5.312800440971578553e+00 3.891390336318776288e+00 3.716692489246158360e+00 3.700030425111559662e+00
1.152000000000000000e+04 3.700000000000000178e+00 5.345090218884568145e+00 3.901861125656390428e+00 3.719496359939107766e+00 3.700042891228890962e+00
1.170000000000000000e+04 3.700000000000000178e+00 5.377208010650127434e+00 3.912397028938641608e+00 3.722600393589068357e+00 3.700059738482086136e+00
1.188000000000000000e+04 3.700000000000000178e+00 5.409154394638867380e+00 3.922987456549849927e+00 3.726012487910531412e+00 3.700082237863910883e+00
1.206000000000000000e+04 3.700000000000000178e+00 5.440928278322157752e+00 3.933623106654924317e+00 3.729738289196299572e+00 3.700111943322063723e+00
1.224000000000000000e+04 3.700000000000000178e+00 5.472521517163482230e+00 3.944295844574120302e+00 3.733781179576546982e+00 3.700150731649972435e+00
1.242000000000000000e+04 3.700000000000000178e+00 5.503903794955915529e+00 3.954998585216020768e+00 3.738142313656313664e+00 3.700200842807776169e+00
1.260000000000000000e+04 3.700000000000000178e+00 5.534991649251687740e+00 3.965725180773032932e+00 3.742820699301574905e+00 3.700264919555796617e+00
1.278000000000000000e+04 3.700000000000000178e+00 5.565603346760985559e+00 3.976470315180707704e+00 3.747813316341198853e+00 3.700346045165619824e+00
1.296000000000000000e+04 3.700000000000000178e+00 5.595417198685022520e+00 3.987229406270553334e+00 3.753115266351511270e+00 3.700447777899573243e+00
1.314000000000000000e+04 3.700000000000000178e+00 5.623962161751236088e+00 3.997998516090026211e+00 3.758719946457987682e+00 3.700574180925055412e+00
1.332000000000000000e+04 3.700000000000000178e+00 5.650660666980540370e+00 4.008774269503438070e+00 3.764619240176346082e+00 3.700729846359795960e+00
1.350000000000000000e+04 3.700000000000000178e+00 5.674916224109725960e+00 4.019553780890071870e+00 3.770803718665755255e+00 3.700919912228973541e+00
1.368000000000000000e+04 3.700000000000000178e+00 5.696213590945791161e+00 4.030334588458012846e+00 3.777262846319045853e+00 3.701150071253469953e+00
1.386000000000000000e+04 3.700000000000000178e+00 5.714195775815182898e+00 4.041114595269822196e+00 3.783985185309307386e+00 3.701426570575367947e+00
1.404000000000000000e+04 3.700000000000000178e+00 5.728698335767595573e+00 4.051892015295864624e+00 3.790958594493695433e+00 3.701756201754971887e+00
1.422000000000000000e+04 3.700000000000000178e+00 5.739742096886134348e+00 4.062665321294089082e+00 3.798170418894219136e+00 3.702146280633339170e+00
1.440000000000000000e+04 3.700000000000000178e+00 5.747498165156952332e+00 4.073433188561248031e+00 3.805607666792066190e+00 3.702604616934870752e+00
1.458000000000000000e+04 3.700000000000000178e+00 5.752241539321953034e+00 4.084194424153926306e+00 3.813257172252561222e+00 3.703139473773477075e+00
1.476000000000000000e+04 3.700000000000000178e+00 5.754305757333893823e+00 4.094947864978552232e+00 3.821105741619236884e+00 3.703759517512097421e+00
1.494000000000000000e+04 3.700000000000000178e+00 5.754045445985827456e+00 4.105692221030600386e+00 3.829140283160072489e+00 3.704473758696309904e+00
1.512000000000000000e+04 3.700000000000000178e+00 5.751809075321731690e+00 4.116425834147582563e+00 3.837347919607148494e+00 3.705291485029243326e+00
1.530000000000000000e+04 3.700000000000000178e+00 5.747921410498906702e+00 4.127146321288327258e+00 3.845716083798327745e+00 3.706222187567372650e+00
1.548000000000000000e+04 3.700000000000000178e+00 5.742673858970925416e+00 4.137850078353274341e+00 3.854232598004994070e+00 3.707275481488472302e+00
1.566000000000000000e+04 3.700000000000000178e+00 5.736320598012849103e+00 4.148531638595623683e+00 3.862885737815799470e+00 3.708461022909567362e+00
1.584000000000000000e+04 3.700000000000000178e+00 5.729078565366330977e+00 4.159182908549221125e+00 3.871664281644865202e+00 3.709788423311170202e+00
1.602000000000000000e+04 3.700000000000000178e+00 5.721129789355905437e+00 4.169792339951452931e+00 3.880557547045589750e+00 3.711267163154456039e+00
1.620000000000000000e+04 3.700000000000000178e+00 5.712624950120125611e+00 4.180344130546187920e+00 3.889555415036709540e+00 3.712906506261657746e+00
1.638000000000000000e+04 3.700000000000000178e+00 5.703687422017099884e+00 4.190817570402053605e+00 3.898648343580558340e+00 3.714715416470231624e+00
1.656000000000000000e+04 3.700000000000000178e+00 5.694417324959892390e+00 4.201186655260702452e+00 3.907827371186284537e+00 3.716702477973045315e+00
1.674000000000000000e+04 3.700000000000000178e+00 5.684895312425851444e+00 4.211420070382941638e+00 3.917084111333860363e+00 3.718875820625652473e+00
1.692000000000000000e+04 3.700000000000000178e+00 5.675185959681612324e+00 4.221481609045047989e+00 3.926410738022616531e+00 3.721243051344115926e+00
1.710000000000000000e+04 3.700000000000000178e+00 5.665340702969249520e+00 4.231331036282629299e+00 3.935799962246599115e+00 3.723811192539929316e+00
1.728000000000000000e+04 3.700000000000000178e+00 5.655400332966461718e+00 4.240925351047417635e+00 3.945244998614634735e+00 3.726586628348803387e+00
1.746000000000000000e+04 3.700000000000000178e+00 5.645397074880818877e+00 4.250220349444270518e+00 3.954739520718993706e+00 3.729575059214535582e+00
1.764000000000000000e+04 3.700000000000000178e+00 5.635356301314210725e+00 4.259172356718572416e+00 3.964277603299457997e+00 3.732781465193710346e+00
1.782000000000000000e+04 3.700000000000000178e+00 5.625297928361865374e+00 4.267739980776890540e+00 3.973853648863524768e+00 3.736210078157415015e+00
1.800000000000000000e+04 3.700000000000000178e+00 5.615237544241207246e+00 4.275885745486260880e+00 3.983462296340157138e+00 3.739864362886569982e+00
1.818000000000000000e+04 3.700000000000000178e+00 5.605187315660783653e+00 4.283577484394930579e+00 3.993098309689959269e+00 3.743747006892641060e+00
1.836000000000000000e+04 3.700000000000000178e+00 5.595156711763075386e+00 4.290789409169843971e+00 4.002756445262177110e+00 3.747859918647234778e+00
1.854000000000000000e+04 3.700000000000000178e+00 5.585153079782586794e+00 4.297502805562389838e+00 4.012431298111465594e+00 3.752204233775020548e+00
1.872000000000000000e+04 3.700000000000000178e+00 5.575182101102649668e+00 4.303706347284008693e+00 4.022117129412849934e+00 3.756780328655344725e+00
1.890000000000000000e+04 3.700000000000000178e+00 5.565248151449665670e+00 4.309396050412374279e+00 4.031807679397975797e+00 3.761587840788618298e+00
1.908000000000000000e+04 3.700000000000000178e+00 5.555354584644689453e+00 4.314574915224039131e+00 4.041495972650873902e+00 3.766625695213903224e+00
1.926000000000000000e+04 3.700000000000000178e+00 5.545503955654976558e+00 4.319252317716459899e+00 4.051174124858464509e+00 3.771892136212238622e+00
1.944000000000000000e+04 3.700000000000000178e+00 5.535698195614379813e+00 4.323443219944087090e+00 4.060833161902213995e+00 3.777384763494316733e+00
1.962000000000000000e+04 3.700000000000000178e+00 5.525938748947540446e+00 4.327167267963016428e+00 4.070462863223564653e+00 3.783100572048980759e+00
1.980000000000000000e+04 3.700000000000000178e+00 5.516226680667030813e+00 4.330447840432036344e+00 4.080051641487884240e+00 3.789035994817653741e+00
1.998000000000000000e+04 3.700000000000000178e+00 5.506562760242084131e+00 4.333311101634010676e+00 4.089586469610225983e+00 3.795186947357041873e+00
2.016000000000000000e+04 3.700000000000000178e+00 5.496947527096263109e+00 4.335785101578838230e+00 4.099052864212405112e+00 3.801548873655737459e+00
2.034000000000000000e+04 3.700000000000000178e+00 5.487381341720251271e+00 4.337898954339238777e+00 4.108434931701495429e+00 3.808116792278028573e+00
2.052000000000000000e+04 3.700000000000000178e+00 5.477864425534583859e+00 4.339682114895914822e+00 4.117715479641347542e+00 3.814885342018836223e+00
2.070000000000000000e+04 3.700000000000000178e+00 5.468396891962670203e+00 4.341163765207767256e+00 4.126876192246701436e+00 3.821848826267852495e+00
2.088000000000000000e+04 3.700000000000000178e+00 5.458978770642326062e+00 4.342372312339146667e+00 4.135897865006284313e+00 3.829001255298580375e+00
2.106000000000000000e+04 3.700000000000000178e+00 5.449610026284527287e+00 4.343334995380259578e+00 4.144760689964114952e+00 3.836336385722080244e+00
2.124000000000000000e+04 3.700000000000000178e+00 5.440290573358871562e+00 4.344077593521963543e+00 4.153444580333440328e+00 3.843847756377925862e+00
2.142000000000000000e+04 3.700000000000000178e+00 5.431020287526760804e+00 4.344624224808171675e+00 4.161929521085081518e+00 3.851528719980513937e+00
2.160000000000000000e+04 3.700000000000000178e+00 5.421799014541107908e+00 4.344997223542391040e+00 4.170195931050824534e+00 3.859372469900960390e+00
2.178000000000000000e+04 3.700000000000000178e+00 5.412626577173014653e+00 4.345217083805298586e+00 4.178225021930748184e+00 3.867372061547486251e+00
2.196000000000000000e+04 3.700000000000000178e+00 5.403502780602210009e+00 4.345302456788381562e+00 4.185999140326758905e+00 3.875520427913668353e+00
2.214000000000000000e+04 3.700000000000000178e+00 5.394427416611650372e+00 4.345270190434241897e+00 4.193502080412513600e+00 3.883810388995800889e+00
2.232000000000000000e+04 3.700000000000000178e+00 5.385400266851227080e+00 4.345135400999304842e+00 4.200719356918505731e+00 3.892234654938414362e+00
2.250000000000000000e+04 3.700000000000000178e+00 5.376421105377046317e+00 4.344911567461645419e+00 4.207638430562600895e+00 3.900785822948465764e+00
2.268000000000000000e+04 3.700000000000000178e+00 5.367489700626792093e+00 4.344610641064021728e+00 4.214248880691761734e+00 3.909456368219854649e+00
2.286000000000000000e+04 3.700000000000000178e+00 5.358605816956274914e+00 4.344243163622101278e+00 4.220542522535744467e+00 3.918238629323949063e+00
2.304000000000000000e+04 3.700000000000000178e+00 5.349769215834387026e+00 4.343818389480636810e+00 4.226513468951925923e+00 3.927124788740449901e+00
2.322000000000000000e+04 3.700000000000000178e+00 5.340979656772258721e+00 4.343344407130643070e+00 4.232158138738475905e+00 3.936106849415889730e+00
2.340000000000000000e+04 3.700000000000000178e+00 5.332236898045371376e+00 4.342828257488767996e+00 4.237475215428925246e+00 3.945176608433552889e+00
2.358000000000000000e+04 3.700000000000000178e+00 5.323540697254690812e+00 4.342276046682033375e+00 4.242465561905587101e+00 3.954325629047373614e+00
2.376000000000000000e+04 3.700000000000000178e+00 5.314890811762262857e+00 4.341693051880392673e+00 4.247132097170249310e+00 3.963545212463284617e+00
2.394000000000000000e+04 3.700000000000000178e+00 5.306286999029222962e+00 4.341083819286282619e+00 4.251479642202273368e+00 3.972826370835450760e+00
2.412000000000000000e+04 3.700000000000000178e+00 5.297729016877688935e+00 4.340452253838360086e+00 4.255514742051749622e+00 3.982159802975189677e+00
2.430000000000000000e+04 3.700000000000000178e+00 5.289216623693467234e+00 4.339801700531025652e+00 4.259245471210536316e+00 3.991535874243420601e+00
2.448000000000000000e+04 3.700000000000000178e+00 5.280749578582606851e+00 4.339135017507458336e+00 4.262681228935022659e+00 4.000944602011835549e+00
2.466000000000000000e+04 3.700000000000000178e+00 5.272327641491968642e+00 4.338454641267082579e+00 4.265832530623804963e+00 4.010375647936310628e+00
2.484000000000000000e+04 3.700000000000000178e+00 5.263950573301800162e+00 4.337762644451757410e+00 4.268710800642613101e+00 4.019818318093179244e+00
2.502000000000000000e+04 3.700000000000000178e+00 5.255618135896523491e+00 4.337060786751150587e+00 4.271328171192250167e+00 4.029261571792956964e+00
2.520000000000000000e+04 3.700000000000000178e+00 5.247330092218503772e+00 4.336350559507102354e+00 4.273697290984389774e+00 4.038694039616877340e+00
2.538000000000000000e+04 3.700000000000000178e+00 5.239086206308484428e+00 4.335633224608296032e+00 4.275831146663777282e+00 4.048104050930661835e+00
2.556000000000000000e+04 3.700000000000000178e+00 5.230886243335820751e+00 4.334909848257646026e+00 4.277742899128326393e+00 4.057479670829563290e+00
2.574000000000000000e+04 3.700000000000000178e+00 5.222729969620532486e+00 4.334181330171325008e+00 4.279445736172547754e+00 4.066808746171358457e+00
2.592000000000000000e+04 3.700000000000000178e+00 5.214617152649174692e+00 4.333448428735709790e+00 4.280952742232936536e+00 4.076078960071521706e+00
2.610000000000000000e+04 3.700000000000000178e+00 5.206547561085778320e+00 4.332711782609390383e+00 4.282276785454942392e+00 4.085277893977581343e+00
2.628000000000000000e+04 3.700000000000000178e+00 5.198520964778956532e+00 4.331971929216051898e+00 4.283430421833217316e+00 4.094393096217485706e+00
2.646000000000000000e+04 3.700000000000000178e+00 5.190537134766116445e+00 4.331229320531112315e+00 4.284425815799735915e+00 4.103412155735068900e+00
2.664000000000000000e+04 3.700000000000000178e+00 5.182595843275287884e+00 4.330484336523402256e+00 4.285274676343455269e+00 4.112322779591685240e+00
2.682000000000000000e+04 3.700000000000000178e+00 5.174696863725183782e+00 4.329737296572847782e+00 4.285988207532794192e+00 4.121112872726420129e+00
2.700000000000000000e+04 3.700000000000000178e+00 5.166839970723883901e+00 4.328988469147741824e+00 4.286577072170820735e+00 4.129770618431235718e+00
2.718000000000000000e+04 3.700000000000000178e+00 5.159024940066376352e+00 4.328238079990152087e+00 4.287051367232085575e+00 4.138284558007653935e+00
2.736000000000000000e+04 3.700000000000000178e+00 5.151251548731348606e+00 4.327486319026658812e+00 4.287420609700951957e+00 4.146643668127284243e+00
2.754000000000000000e+04 3.700000000000000178e+00 5.143519574877241318e+00 4.326733346192699337e+00 4.287693731443466660e+00 4.154837434512430150e+00
2.772000000000000000e+04 3.700000000000000178e+00 5.135828797837840298e+00 4.325979296333570367e+00 4.287879081790399560e+00 4.162855920681402644e+00
2.790000000000000000e+04 3.700000000000000178e+00 5.128178998117500775e+00 4.325224283322453900e+00 4.287984436579190373e+00 4.170689830657724251e+00
2.808000000000000000e+04 3.700000000000000178e+00 5.120569957386060800e+00 4.324468403515782100e+00 4.288017012490613844e+00 4.178330564717253282e+00
2.826000000000000000e+04 3.700000000000000178e+00 5.113001458473511285e+00 4.323711738649010705e+00 4.287983485615232127e+00 4.185770267435059644e+00
2.844000000000000000e+04 3.700000000000000178e+00 5.105473285364536373e+00 4.322954358260726160e+00 4.287890013290443392e+00 4.193001867487360812e+00
2.862000000000000000e+04 3.700000000000000178e+00 5.097985223192877946e+00 4.322196321719593115e+00 4.287742258356749936e+00 4.200019108858135120e+00
2.880000000000000000e+04 3.700000000000000178e+00 5.090537058235715229e+00 4.321437679917763397e+00 4.287545415088064082e+00 4.206816573287466277e+00
2.898000000000000000e+04 3.700000000000000178e+00 5.083128577907840118e+00 4.320678476684304492e+00 4.287304236153726578e+00 4.213389693976788308e+00
2.916000000000000000e+04 3.700000000000000178e+00 5.075759570755918659e+00 4.319918749964059224e+00 4.287023060066335489e+00 4.219734760729060064e+00
2.934000000000000000e+04 3.700000000000000178e+00 5.068429826452599762e+00 4.319158532800053685e+00 4.286705838659385037e+00 4.225848916847822601e+00
2.952000000000000000e+04 3.700000000000000178e+00 5.061139135790742927e+00 4.318397854151743154e+00 4.286356164220523901e+00 4.231730148245257617e+00
2.970000000000000000e+04 3.700000000000000178e+00 5.053887290677554489e+00 4.317636739576123261e+00 4.285977295979616741e+00 4.237377265314838937e+00
2.988000000000000000e+04 3.700000000000000178e+00 5.046674084128747850e+00 4.316875211794354961e+00 4.285572185716685745e+00 4.242789878208379051e+00
3.006000000000000000e+04 3.700000000000000178e+00 5.039499310262702814e+00 4.316113291162950283e+00 4.285143502311306918e+00 4.247968366219990521e+00
3.024000000000000000e+04 3.700000000000000178e+00 5.032362764294655122e+00 4.315350996065459022e+00 4.284693655105062504e+00 4.252913842022508106e+00
3.042000000000000000e+04 3.700000000000000178e+00 5.025264242530930403e+00 4.314588343237923951e+00 4.284224815990517854e+00 4.257628111525210812e+00
3.060000000000000000e+04 3.700000000000000178e+00 5.018203542363144365e+00 4.313825348039309837e+00 4.283738940175970455e+00 4.262113630127824848e+00
3.078000000000000000e+04 3.700000000000000178e+00 5.011180462262422530e+00 4.313062024675977213e+00 4.283237785604344872e+00 4.266373456136300035e+00
3.096000000000000000e+04 3.700000000000000178e+00 5.004194801773738988e+00 4.312298386388214944e+00 4.282722931029020685e+00 4.270411202082761370e+00
3.114000000000000000e+04 3.700000000000000178e+00 4.997246361510152113e+00 4.311534445605012422e+00 4.282195792768388465e+00 4.274230984657457988e+00
3.132000000000000000e+04 3.700000000000000178e+00 4.990334943147129998e+00 4.310770214072604745e+00 4.281657640175848378e+00 4.277837373916865360e+00
3.150000000000000000e+04 3.700000000000000178e+00 4.983460349416938051e+00 4.310005702961221985e+00 4.281109609873760213e+00 4.281235342380931286e+00
3.168000000000000000e+04 3.700000000000000178e+00 4.976622384103001728e+00 4.309240922953665454e+00 4.280552718807745904e+00 4.284430214576440576e+00
3.186000000000000000e+04 3.700000000000000178e+00 4.969820852034282588e+00 4.308475884318830218e+00 4.279987876183866113e+00 4.287427617523565715e+00
3.204000000000000000e+04 3.700000000000000178e+00 4.963055559079754708e+00 4.307710596972836647e+00 4.279415894354375638e+00 4.290233432601496588e+00
3.222000000000000000e+04 3.700000000000000178e+00 4.956326312142822488e+00 4.306945070529760500e+00 4.278837498719772370e+00 4.292853749167117705e+00
3.240000000000000000e+04 3.700000000000000178e+00 4.949632919155873445e+00 4.306179314343780540e+00 4.278253336715279076e+00 4.295294820240100009e+00
3.258000000000000000e+04 3.700000000000000178e+00 4.942975189074731546e+00 4.305413337544228725e+00 4.277663985948601422e+00 4.297563020508938791e+00
3.276000000000000000e+04 3.700000000000000178e+00 4.936352931873244643e+00 4.304647149064694034e+00 4.277069961554837541e+00 4.299664806856489108e+00
3.294000000000000000e+04 3.700000000000000178e+00 4.929765958537841719e+00 4.303880757667256418e+00 4.276471722831344913e+00 4.301606681551344735e+00
3.312000000000000000e+04 3.700000000000000178e+00 4.923214081062166514e+00 4.303114171962672430e+00 4.275869679213075258e+00 4.303395158202921067e+00
3.330000000000000000e+04 3.700000000000000178e+00 4.916697112441675621e+00 4.302347400427137813e+00 4.275264195645291920e+00 4.305036730534149036e+00
3.348000000000000000e+04 3.700000000000000178e+00 4.910214866668313860e+00 4.301580451416305628e+00 4.274655597407417851e+00 4.306537843986366632e+00
3.366000000000000000e+04 3.700000000000000178e+00 4.903767158725201192e+00 4.300813333176963127e+00 4.274044174438405008e+00 4.307904870136027853e+00
3.384000000000000000e+04 3.700000000000000178e+00 4.897353804581384473e+00 4.300046053856777739e+00 4.273430185210051135e+00 4.309144083872718411e+00
3.402000000000000000e+04 3.700000000000000178e+00 4.890974621186524374e+00 4.299278621512442555e+00 4.272813860191647883e+00 4.310261643262244036e+00
3.420000000000000000e+04 3.700000000000000178e+00 4.884629426465727953e+00 4.298511044116504642e+00 4.272195404945769326e+00 4.311263571997157484e+00
3.438000000000000000e+04 3.700000000000000178e+00 4.878318039314317289e+00 4.297743329563100012e+00 4.271575002891684569e+00 4.312155744319579043e+00
3.456000000000000000e+04 3.700000000000000178e+00 4.872040279592660283e+00 4.296975485672741790e+00 4.270952817769999577e+00 4.312943872287621438e+00
3.474000000000000000e+04 3.700000000000000178e+00 4.865795968121036985e+00 4.296207520196373864e+00 4.270328995838815977e+00 4.313633495246489424e+00
3.492000000000000000e+04 3.700000000000000178e+00 4.859584926674527239e+00 4.295439440818766386e+00 4.269703667829389815e+00 4.314229971358324534e+00
3.510000000000000000e+04 3.700000000000000178e+00 4.853406977977906323e+00 4.294671255161432555e+00 4.269076950686284455e+00 4.314738471040480583e+00
3.528000000000000000e+04 3.700000000000000178e+00 4.847261945700616081e+00 4.293902970785070217e+00 4.268448949114862501e+00 4.315163972160200423e+00
3.546000000000000000e+04 3.700000000000000178e+00 4.841149654451676554e+00 4.293134595191618885e+00 4.267819756956622079e+00 4.315511256833992171e+00
3.564000000000000000e+04 3.700000000000000178e+00 4.835069929774745034e+00 4.292366135826092055e+00 4.267189458410982184e+00 4.315784909682046866e+00
3.582000000000000000e+04 3.700000000000000178e+00 4.829022598143090761e+00 4.291597600078048913e+00 4.266558129120119780e+00 4.315989317391863089e+00
3.600000000000000000e+04 3.700000000000000178e+00 4.823007486954646872e+00 4.290828995282971015e+00 4.265925837131827159e+00 4.316128669450028710e+00
3.618000000000000000e+04 3.700000000000000178e+00 4.817024424527097892e+00 4.290060328723352079e+00 4.265292643753838320e+00 4.316206959907201934e+00
3.636000000000000000e+04 3.700000000000000178e+00 4.811073240092972547e+00 4.289291607629746927e+00 4.264658604311565071e+00 4.316227990047988072e+00
3.654000000000000000e+04 3.700000000000000178e+00 4.805153763794742794e+00 4.288522839181585056e+00 4.264023768820097260e+00 4.316195371844682604e+00
3.672000000000000000e+04 3.700000000000000178e+00 4.799265826680024105e+00 4.287754030508018843e+00 4.263388182579904040e+00 4.316112532081631592e+00
3.690000000000000000e+04 3.700000000000000178e+00 4.793409260696710916e+00 4.286985188688533732e+00 4.262751886704958082e+00 4.315982717044734684e+00
3.708000000000000000e+04 3.700000000000000178e+00 4.787583898688204442e+00 4.286216320753620579e+00 4.262114918590733659e+00 4.315808997678852954e+00
3.726000000000000000e+04 3.700000000000000178e+00 4.781789574388609410e+00 4.285447433685309448e+00 4.261477312328959322e+00 4.315594275123569190e+00
3.744000000000000000e+04 3.700000000000000178e+00 4.776026122418031150e+00 4.284678534417674101e+00 4.260839099075232284e+00 4.315341286545910648e+00
3.762000000000000000e+04 3.700000000000000178e+00 4.770293378277828289e+00 4.283909629837292954e+00 4.260200307374716999e+00 4.315052611196144028e+00
3.780000000000000000e+04 3.700000000000000178e+00 4.764591178345897404e+00 4.283140726783687846e+00 4.259560963450714333e+00 4.314730676620091465e+00
3.798000000000000000e+04 3.700000000000000178e+00 4.758919359872040289e+00 4.282371832049709504e+00 4.258921091460491581e+00 4.314377764968647888e+00
3.816000000000000000e+04 3.700000000000000178e+00 4.753277760973291244e+00 4.281602952381918570e+00 4.258280713721893207e+00 4.313996019351689526e+00
3.834000000000000000e+04 3.700000000000000178e+00 4.747666220629325196e+00 4.280834094480943541e+00 4.257639850914317847e+00 4.313587450190091488e+00
3.852000000000000000e+04 3.700000000000000178e+00 4.742084578677816076e+00 4.280065265001784525e+00 4.256998522256712825e+00 4.313153941525263768e+00
3.870000000000000000e+04 3.700000000000000178e+00 4.736532675809908888e+00 4.279296470554167620e+00 4.256356745665512697e+00 4.312697257251243421e+00
3.888000000000000000e+04 3.700000000000000178e+00 4.731010353565636706e+00 4.278527717702824695e+00 4.255714537894585980e+00 4.312219047239477021e+00
3.906000000000000000e+04 3.700000000000000178e+00 4.725517454329419387e+00 4.277759012967799812e+00 4.255071914659398935e+00 4.311720853330930581e+00
3.924000000000000000e+04 3.700000000000000178e+00 4.720053821325555177e+00 4.276990362824719227e+00 4.254428890747155911e+00 4.311204115174609441e+00
3.942000000000000000e+04 3.700000000000000178e+00 4.714619298613750509e+00 4.276221773705107587e+00 4.253785480114491868e+00 4.310670175895380929e+00
3.960000000000000000e+04 3.700000000000000178e+00 4.709213731084646248e+00 4.275453251996578885e+00 4.253141695974245629e+00 4.310120287577365872e+00
3.978000000000000000e+04 3.700000000000000178e+00 4.703836964455431868e+00 4.274684804043197950e+00 4.252497550872372578e+00 4.309555616552441570e+00
3.996000000000000000e+04 3.700000000000000178e+00 4.698488845265404557e+00 4.273916436145659858e+00 4.251853056756351279e+00 4.308977248486153044e+00
4.014000000000000000e+04 3.700000000000000178e+00 4.693169220871602931e+00 4.273148154561572376e+00 4.251208225035917110e+00 4.308386193255817176e+00
4.032000000000000000e+04 3.700000000000000178e+00 4.687877939444441644e+00 4.272379965505712640e+00 4.250563066636978249e+00 4.307783389617581449e+00
4.050000000000000000e+04 3.700000000000000178e+00 4.682614849963382397e+00 4.271611875150241211e+00 4.249917592049630599e+00 4.307169709661534895e+00
4.068000000000000000e+04 3.700000000000000178e+00 4.677379802212622728e+00 4.270843889624985401e+00 4.249271811370782359e+00 4.306545963055154580e+00
4.086000000000000000e+04 3.700000000000000178e+00 4.672172646776822980e+00 4.270076015017657767e+00 4.248625734342107663e+00 4.305912901077036281e+00
4.104000000000000000e+04 3.700000000000000178e+00 4.666993235036795085e+00 4.269308257374082594e+00 4.247979370383771602e+00 4.305271220444063296e+00
4.122000000000000000e+04 3.700000000000000178e+00 4.661841419165311251e+00 4.268540622698443698e+00 4.247332728624542142e+00 4.304621566936058130e+00
4.140000000000000000e+04 3.700000000000000178e+00 4.656717052122840705e+00 4.267773116953518020e+00 4.246685817928512741e+00 4.303964538822826036e+00
4.158000000000000000e+04 3.700000000000000178e+00 4.651619987653402788e+00 4.267005746060893223e+00 4.246038646918981918e+00 4.303300690099396419e+00
4.176000000000000000e+04 3.700000000000000178e+00 4.646550080280339223e+00 4.266238515901200401e+00 4.245391223999708252e+00 4.302630533535368507e+00
4.194000000000000000e+04 3.700000000000000178e+00 4.641507185302183203e+00 4.265471432314345890e+00 4.244743557373896969e+00 4.301954543545156717e+00
4.212000000000000000e+04 3.700000000000000178e+00 4.636491158788548894e+00 4.264704501099724432e+00 4.244095655061084216e+00 4.301273158885873471e+00
4.230000000000000000e+04 3.700000000000000178e+00 4.631501857575973879e+00 4.263937728016457207e+00 4.243447524912255631e+00 4.300586785189998373e+00
4.248000000000000000e+04 3.700000000000000178e+00 4.626539139263882383e+00 4.263171118783599667e+00 4.242799174623372416e+00 4.299895797340100856e+00
4.266000000000000000e+04 3.700000000000000178e+00 4.621602862210476559e+00 4.262404679080368908e+00 4.242150611747412370e+00 4.299200541692782096e+00
4.284000000000000000e+04 3.700000000000000178e+00 4.616692885528745904e+00 4.261638414546361275e+00 4.241501843705136388e+00 4.298501338159210761e+00
4.302000000000000000e+04 3.700000000000000178e+00 4.611809069082391410e+00 4.260872330781768191e+00 4.240852877794768716e+00 4.297798482149297605e+00
4.320000000000000000e+04 3.700000000000000178e+00 4.606951273481865172e+00 4.260106433347579546e+00 4.240203721200601628e+00 4.297092246386864822e+00
4.338000000000000000e+04 3.700000000000000178e+00 4.602119360080332733e+00 4.259340727765823509e+00 4.239554381000791849e+00 4.296382882602435060e+00
4.356000000000000000e+04 3.700000000000000178e+00 4.597313190969805952e+00 4.258575219519758370e+00 4.238904864174245724e+00 4.295670623110682484e+00
4.374000000000000000e+04 3.700000000000000178e+00 4.592532628977139098e+00 4.257809914054104361e+00 4.238255177606865765e+00 4.294955682278990494e+00
4.392000000000000000e+04 3.700000000000000178e+00 4.587777537660106653e+00 4.257044816775223950e+00 4.237605328097125756e+00 4.294238257893523425e+00
4.410000000000000000e+04 3.700000000000000178e+00 4.583047781303559276e+00 4.256279933051364317e+00 4.236955322361140475e+00 4.293518532428911350e+00
4.428000000000000000e+04 3.700000000000000178e+00 4.578343224915504273e+00 4.255515268212854529e+00 4.236305167037084374e+00 4.292796674227449039e+00
4.446000000000000000e+04 3.700000000000000178e+00 4.573663734223274879e+00 4.254750827552310710e+00 4.235654868689366914e+00 4.292072838593464112e+00
4.464000000000000000e+04 3.700000000000000178e+00 4.569009175669688894e+00 4.253986616324826997e+00 4.235004433812223468e+00 4.291347168808206547e+00
4.482000000000000000e+04 3.700000000000000178e+00 4.564379416409223289e+00 4.253222639748219791e+00 4.234353868832990031e+00 4.290619797070378105e+00
4.500000000000000000e+04 3.700000000000000178e+00 4.559774324304275872e+00 4.252458903003195623e+00 4.233703180115165665e+00 4.289890845367247074e+00
4.518000000000000000e+04 3.700000000000000178e+00 4.555193767921324799e+00 4.251695411233566979e+00 4.233052373961014858e+00 4.289160426280841598e+00
4.536000000000000000e+04 3.700000000000000178e+00 4.550637616527204443e+00 4.250932169546463690e+00 4.232401456614053536e+00 4.288428643733752210e+00
4.554000000000000000e+04 3.700000000000000178e+00 4.546105740085383928e+00 4.250169183012506124e+00 4.231750434261225990e+00 4.287695593678530592e+00
4.572000000000000000e+04 3.700000000000000178e+00 4.541598009252244772e+00 4.249406456666048548e+00 4.231099313034905052e+00 4.286961364734726665e+00
4.590000000000000000e+04 3.700000000000000178e+00 4.537114295373368300e+00 4.248643995505338999e+00 4.230448099014686214e+00 4.286226038777060765e+00
4.608000000000000000e+04 3.700000000000000178e+00 4.532654470479906550e+00 4.247881804492730673e+00 4.229796798229080501e+00 4.285489691478382213e+00
4.626000000000000000e+04 3.700000000000000178e+00 4.528218407284897218e+00 4.247119888554899525e+00 4.229145416656957757e+00 4.284752392810479371e+00
4.644000000000000000e+04 3.700000000000000178e+00 4.523805979179631898e+00 4.246358252582991710e+00 4.228493960228931314e+00 4.284014207505857819e+00
4.662000000000000000e+04 3.700000000000000178e+00 4.519417060230065175e+00 4.245596901432866943e+00 4.227842434828581020e+00 4.283275195483411402e+00
4.680000000000000000e+04 3.700000000000000178e+00 4.515051525173191749e+00 4.244835839925273469e+00 4.227190846293638948e+00 4.282535412240441985e+00
4.698000000000000000e+04 3.700000000000000178e+00 4.510709249413462629e+00 4.244075072846039021e+00 4.226539200417005482e+00 4.281794909213747502e+00
4.716000000000000000e+04 3.700000000000000178e+00 4.506390109019283940e+00 4.243314604946247570e+00 4.225887502947698771e+00 4.281053734111898379e+00
4.734000000000000000e+04 3.700000000000000178e+00 4.502093980719417132e+00 4.242554440942476468e+00 4.225235759591726037e+00 4.280311931221037369e+00
4.752000000000000000e+04 3.700000000000000178e+00 4.497820741899491992e+00 4.241794585516933225e+00 4.224583976012932673e+00 4.279569541686036871e+00
4.770000000000000000e+04 3.700000000000000178e+00 4.493570270598478800e+00 4.241035043317677555e+00 4.223932157833702128e+00 4.278826603769102732e+00
4.788000000000000000e+04 3.700000000000000178e+00 4.489342445505260848e+00 4.240275818958791021e+00 4.223280310635669110e+00 4.278083153087344215e+00
4.806000000000000000e+04 3.700000000000000178e+00 4.485137145955109261e+00 4.239516917020580422e+00 4.222628439960367963e+00 4.277339222831110455e+00
4.824000000000000000e+04 3.700000000000000178e+00 4.480954251926291931e+00 4.238758342049763428e+00 4.221976551309796655e+00 4.276594843964461212e+00
4.842000000000000000e+04 3.700000000000000178e+00 4.476793644036591857e+00 4.238000098559647988e+00 4.221324650147002977e+00 4.275850045409297806e+00
4.860000000000000000e+04 3.700000000000000178e+00 4.472655203539956048e+00 4.237242191030294869e+00 4.220672741896574820e+00 4.275104854214322181e+00
4.878000000000000000e+04 3.700000000000000178e+00 4.468538812323054721e+00 4.236484623908750358e+00 4.220020831945158868e+00 4.274359295710067563e+00
4.896000000000000000e+04 3.700000000000000178e+00 4.464444352901952406e+00 4.235727401609170606e+00 4.219368925641887813e+00 4.273613393651146453e+00
4.914000000000000000e+04 3.700000000000000178e+00 4.460371708418717773e+00 4.234970528513059662e+00 4.218717028298799576e+00 4.272867170346661858e+00
4.932000000000000000e+04 3.700000000000000178e+00 4.456320762638114275e+00 4.234214008969390264e+00 4.218065145191244092e+00 4.272120646779849373e+00
4.950000000000000000e+04 3.700000000000000178e+00 4.452291399944267702e+00 4.233457847294844534e+00 4.217413281558260785e+00 4.271373842717636649e+00
4.968000000000000000e+04 3.700000000000000178e+00 4.448283505337384369e+00 4.232702047773940990e+00 4.216761442602977361e+00 4.270626776811126568e+00
4.986000000000000000e+04 3.700000000000000178e+00 4.444296964430424879e+00 4.231946614659251260e+00 4.216109633492907349e+00 4.269879466687648062e+00
5.004000000000000000e+04 3.700000000000000178e+00 4.440331663445891586e+00 4.231191552171546633e+00 4.215457859360275172e+00 4.269131929035017592e+00
5.022000000000000000e+04 3.700000000000000178e+00 4.436387489212545887e+00 4.230436864500009442e+00 4.214806125302313689e+00 4.268384179678774260e+00
5.040000000000000000e+04 3.700000000000000178e+00 4.432464329162199235e+00 4.229682555802367183e+00 4.214154436381640778e+00 4.267636233652837952e+00
5.058000000000000000e+04 3.700000000000000178e+00 4.428562071326467731e+00 4.228928630205095018e+00 4.213502797626428098e+00 4.266888105264236231e+00
5.076000000000000000e+04 3.700000000000000178e+00 4.424680604333619094e+00 4.228175091803562324e+00 4.212851214030760794e+00 4.266139808152326296e+00
5.094000000000000000e+04 3.700000000000000178e+00 4.420819817405365448e+00 4.227421944662239639e+00 4.212199690554880860e+00 4.265391355342956103e+00
5.112000000000000000e+04 3.700000000000000178e+00 4.416979600353691637e+00 4.226669192814846987e+00 4.211548232125394087e+00 4.264642759298110875e+00
5.130000000000000000e+04 3.700000000000000178e+00 4.413159843577743935e+00 4.225916840264545726e+00 4.210896843635601350e+00 4.263894031961204867e+00
5.148000000000000000e+04 3.700000000000000178e+00 4.409360438060661025e+00 4.225164890984068222e+00 4.210245529945657594e+00 4.263145184798603715e+00
5.166000000000000000e+04 3.700000000000000178e+00 4.405581275366511562e+00 4.224413348915928346e+00 4.209594295882829407e+00 4.262396228837578960e+00
5.184000000000000000e+04 3.700000000000000178e+00 4.401822247637134033e+00 4.223662217972556476e+00 4.208943146241738376e+00 4.261647174700974539e+00
5.202000000000000000e+04 3.700000000000000178e+00 4.398083247589114286e+00 4.222911502036494014e+00 4.208292085784545833e+00 4.260898032638944066e+00
5.220000000000000000e+04 3.700000000000000178e+00 4.394364168510707991e+00 4.222161204960558578e+00 4.207641119241198879e+00 4.260148812557958742e+00
5.238000000000000000e+04 3.700000000000000178e+00 4.390664904258771095e+00 4.221411330567972797e+00 4.206990251309615125e+00 4.259399524047292829e+00
5.256000000000000000e+04 3.700000000000000178e+00 4.386985349255756006e+00 4.220661882652560593e+00 4.206339486655900295e+00 4.258650176403278032e+00
5.274000000000000000e+04 3.700000000000000178e+00 4.383325398486682012e+00 4.219912864978929257e+00 4.205688829914526750e+00 4.257900778651437790e+00
5.292000000000000000e+04 3.700000000000000178e+00 4.379684947496156333e+00 4.219164281282571594e+00 4.205038285688555533e+00 4.257151339566733306e+00
5.310000000000000000e+04 3.700000000000000178e+00 4.376063892385372966e+00 4.218416135270098621e+00 4.204387858549820223e+00 4.256401867692051866e+00
5.328000000000000000e+04 3.700000000000000178e+00 4.372462129809151499e+00 4.217668430619348818e+00 4.203737553039107233e+00 4.255652371355110652e+00
5.346000000000000000e+04 3.700000000000000178e+00 4.368879556972975919e+00 4.216921170979562206e+00 4.203087373666337001e+00 4.254902858683910161e+00
5.364000000000000000e+04 3.700000000000000178e+00 4.365316071630109818e+00 4.216174359971557095e+00 4.202437324910767380e+00 4.254153337620831365e+00
5.382000000000000000e+04 3.700000000000000178e+00 4.361771572078584569e+00 4.215428001187864204e+00 4.201787411221159729e+00 4.253403815935539178e+00
5.400000000000000000e+04 3.700000000000000178e+00 4.358245957158414896e+00 4.214682098192906068e+00 4.201137637015952109e+00 4.252654301236786338e+00
5.418000000000000000e+04 3.700000000000000178e+00 4.354739126248611036e+00 4.213936654523137371e+00 4.200488006683460895e+00 4.251904800983146160e+00
5.436000000000000000e+04 3.700000000000000178e+00 4.351250979264341900e+00 4.213191673687209260e+00 4.199838524582022004e+00 4.251155322492870425e+00
5.454000000000000000e+04 3.700000000000000178e+00 4.347781416654109776e+00 4.212447159166132771e+00 4.199189195040171185e+00 4.250405872952879527e+00
5.472000000000000000e+04 3.700000000000000178e+00 4.344330339396831775e+00 4.211703114413395177e+00 4.198540022356838541e+00 4.249656459426974564e+00
5.490000000000000000e+04 3.700000000000000178e+00 4.340897648999108682e+00 4.210959542855182036e+00 4.197891010801478195e+00 4.248907088863369097e+00
5.508000000000000000e+04 3.700000000000000178e+00 4.337483247492337490e+00 4.210216447890472224e+00 4.197242164614242377e+00 4.248157768101541443e+00
5.526000000000000000e+04 3.700000000000000178e+00 4.334087037429941169e+00 4.209473832891201361e+00 4.196593488006189254e+00 4.247408503878517649e+00
5.544000000000000000e+04 3.700000000000000178e+00 4.330708921884594886e+00 4.208731701202421682e+00 4.195944985159381524e+00 4.246659302834595806e+00
5.562000000000000000e+04 3.700000000000000178e+00 4.327348804445438901e+00 4.207990056142477897e+00 4.195296660227094243e+00 4.245910171518635146e+00
5.580000000000000000e+04 3.700000000000000178e+00 4.324006589215360741e+00 4.207248901003120878e+00 4.194648517333945392e+00 4.245161116392817569e+00
5.598000000000000000e+04 3.700000000000000178e+00 4.320682180808222306e+00 4.206508239049639997e+00 4.194000560576084169e+00 4.244412143837068108e+00
5.616000000000000000e+04 3.700000000000000178e+00 4.317375484346142045e+00 4.205768073521070960e+00 4.193352794021316221e+00 4.243663260153080152e+00
5.634000000000000000e+04 3.700000000000000178e+00 4.314086405456815321e+00 4.205028407630305942e+00 4.192705221709297270e+00 4.242914471567984513e+00
5.652000000000000000e+04 3.700000000000000178e+00 4.310814850270783261e+00 4.204289244564247241e+00 4.192057847651640579e+00 4.242165784237727166e+00
5.670000000000000000e+04 3.700000000000000178e+00 4.307560725418784209e+00 4.203550587483928958e+00 4.191410675832099919e+00 4.241417204250149453e+00
